Step 1: Lyapunov vectors: [-8.56801933 -8.73628213 -8.6469157  -8.72813477 -8.73617335 -8.61287482
 -8.80764184 -8.60077408 -8.63939175 -8.86056353 -8.5302698  -8.56845532
 -8.65809179 -8.73743623 -8.52403371 -8.64504381 -8.64380193 -8.6004592
 -8.64727495 -8.7852069  -8.53727401 -8.50163801 -8.72493741 -8.51147848
 -8.47738814 -8.69039803 -8.58288963 -8.72507939 -8.71954625 -8.64490256
 -8.63322034 -8.73038281 -8.51064361 -8.57656446 -8.47508941 -8.83595117
 -8.59953692 -8.50327113 -8.5515528  -8.50946566 -8.75175897 -8.65263638
 -8.61901383 -8.74576912 -8.75370544 -8.52625409 -8.59799815 -8.45305262
 -8.5806857  -8.49900355 -8.60391959 -8.6650391  -8.65943069 -8.64683367
 -8.6537072  -8.53603464 -8.83594086 -8.67712883 -8.81859459 -8.80664537
 -8.61022096 -8.64477176 -8.5084695  -8.67065414 -8.63447033 -8.5748045
 -8.63526945 -8.73567978 -8.62157825 -8.60767144 -8.59000909 -8.73207486
 -8.73605167 -8.68308393 -8.59903091 -8.58138366 -8.56890945 -8.63784147
 -8.68815723 -8.77053407 -8.6152055  -8.63383199 -8.66296116 -8.60609136
 -8.62236378 -8.6225957  -8.76901711 -8.53225056 -8.80844809 -8.70800836
 -8.67641672 -8.51866219 -8.673122   -8.67335195 -8.59182172 -8.67209881
 -8.53325887 -8.4952389  -8.7375356  -8.6793064 ]
Step 2: Lyapunov vectors: [-8.7140733  -8.49922198 -8.63528527 -8.58813134 -8.64185787 -8.67181342
 -8.67085795 -8.74470708 -8.63657123 -8.58597397 -8.66400635 -8.72081171
 -8.42522155 -8.62776433 -8.67680695 -8.77729854 -8.68400353 -8.62620915
 -8.61426833 -8.70379815 -8.61704022 -8.65046991 -8.68236777 -8.47244804
 -8.57712563 -8.48281725 -8.75490797 -8.63516884 -8.61357198 -8.72852251
 -8.60152272 -8.48278425 -8.61450875 -8.44111755 -8.66532088 -8.66467254
 -8.53458463 -8.51302123 -8.63540072 -8.54481081 -8.64055112 -8.62975451
 -8.60424988 -8.5716405  -8.51244797 -8.63869962 -8.75815434 -8.47284413
 -8.66652854 -8.49201312 -8.58320123 -8.50903239 -8.8183418  -8.65879135
 -8.57955894 -8.66080202 -8.48860501 -8.54193957 -8.71313254 -8.63298854
 -8.67427728 -8.79025992 -8.50024501 -8.70881728 -8.75041359 -8.54513237
 -8.65184506 -8.61783563 -8.59603084 -8.51969203 -8.69859439 -8.67245865
 -8.74484257 -8.68697409 -8.39227443 -8.63876974 -8.64989686 -8.52171332
 -8.6343692  -8.54311691 -8.58446617 -8.63719685 -8.65640516 -8.64742538
 -8.64091828 -8.54304727 -8.60953174 -8.45454723 -8.78447426 -8.49326729
 -8.56781426 -8.77830253 -8.53638129 -8.55458137 -8.69763007 -8.54970333
 -8.52745793 -8.73341711 -8.67692091 -8.65294811]
Step 3: Lyapunov vectors: [-8.65269452 -8.69665514 -8.53797968 -8.66515939 -8.63208144 -8.66959195
 -8.80274491 -8.6412151  -8.78855985 -8.72299598 -8.57308366 -8.47273305
 -8.72298641 -8.74454068 -8.71293129 -8.60241199 -8.57390277 -8.7109904
 -8.78123067 -8.51641346 -8.5751633  -8.67623889 -8.61609917 -8.63964072
 -8.62094475 -8.69933871 -8.68132246 -8.66661995 -8.72879165 -8.4872306
 -8.54932965 -8.63719957 -8.81431939 -8.57123715 -8.7996979  -8.71090123
 -8.76179707 -8.58045269 -8.54159394 -8.60414807 -8.65853994 -8.69509093
 -8.6419024  -8.58080021 -8.67039387 -8.66597932 -8.65024754 -8.44017093
 -8.66916623 -8.69678496 -8.70664586 -8.49431518 -8.68246783 -8.66433748
 -8.57777427 -8.63609376 -8.65428635 -8.7489538  -8.67755835 -8.82550255
 -8.47320904 -8.65035893 -8.68444358 -8.80248099 -8.71612392 -8.60669412
 -8.65891513 -8.71264789 -8.57716824 -8.70643523 -8.65262017 -8.55902683
 -8.78801025 -8.70753791 -8.58489736 -8.59182861 -8.64714808 -8.67120327
 -8.6827815  -8.69536705 -8.66985651 -8.68343201 -8.6485177  -8.56730459
 -8.66702357 -8.5125982  -8.58985942 -8.72209461 -8.68292044 -8.58046944
 -8.52692031 -8.70693961 -8.71077602 -8.88201429 -8.62270561 -8.60454123
 -8.49124352 -8.63109331 -8.75623202 -8.52223452]
Step 4: Lyapunov vectors: [-8.5437391  -8.65904401 -8.60608037 -8.69618665 -8.50405944 -8.77653346
 -8.65156172 -8.79782494 -8.69903128 -8.52844086 -8.52288061 -8.72277808
 -8.50911092 -8.69558315 -8.70094311 -8.65179682 -8.7129308  -8.57669015
 -8.57959694 -8.703995   -8.53848106 -8.63272823 -8.69456409 -8.49574591
 -8.64927266 -8.72090975 -8.68470674 -8.75338053 -8.52039051 -8.66620088
 -8.50012783 -8.63752998 -8.68038962 -8.55793178 -8.83094855 -8.66293136
 -8.7029155  -8.53516437 -8.65860472 -8.54305938 -8.67297853 -8.66008813
 -8.73158351 -8.63779724 -8.58300389 -8.67397354 -8.6658319  -8.48272092
 -8.52158315 -8.82884908 -8.64254037 -8.58893187 -8.67545588 -8.61535158
 -8.70632114 -8.77600776 -8.48752964 -8.75020665 -8.77653934 -8.67898835
 -8.59427471 -8.72839114 -8.56709396 -8.39753059 -8.58516821 -8.53903191
 -8.64456107 -8.57002762 -8.68751989 -8.74361491 -8.71972903 -8.71473399
 -8.62506304 -8.63510371 -8.72589175 -8.5906142  -8.57718529 -8.52175741
 -8.71564835 -8.62279084 -8.75136291 -8.52504287 -8.62940839 -8.67246132
 -8.72604432 -8.61449871 -8.71660523 -8.76076882 -8.61215237 -8.76812918
 -8.58200412 -8.75626263 -8.87773467 -8.70909328 -8.63265285 -8.72382869
 -8.61579291 -8.58179401 -8.69440933 -8.71870666]
Step 5: Lyapunov vectors: [-8.71931778 -8.72941058 -8.7658936  -8.70165061 -8.62111608 -8.51850732
 -8.55262013 -8.66317312 -8.59233468 -8.57270176 -8.5194732  -8.69424479
 -8.78403946 -8.70523933 -8.62965019 -8.54498204 -8.79648887 -8.69404155
 -8.61122834 -8.62713962 -8.57016616 -8.63624463 -8.6900636  -8.65805269
 -8.63310517 -8.76776273 -8.73642109 -8.62060875 -8.75182386 -8.51721807
 -8.56208474 -8.52271597 -8.60281326 -8.82836111 -8.77202998 -8.61835703
 -8.66571514 -8.58591591 -8.66900867 -8.50561054 -8.60572804 -8.57004055
 -8.59347242 -8.88275983 -8.78754274 -8.55835504 -8.67082193 -8.74036201
 -8.6100757  -8.67337468 -8.60080796 -8.77845863 -8.4878547  -8.68914782
 -8.6444739  -8.77875685 -8.57655962 -8.79400886 -8.71765241 -8.69970776
 -8.4816449  -8.68113764 -8.49419507 -8.6763069  -8.56728263 -8.69298296
 -8.79364802 -8.44753995 -8.79838566 -8.61288597 -8.47729287 -8.60231556
 -8.76755487 -8.61395172 -8.62138725 -8.64776567 -8.63200004 -8.62463167
 -8.78038231 -8.62920084 -8.63604448 -8.74773226 -8.62081837 -8.61206794
 -8.64847856 -8.71499722 -8.64833387 -8.77373389 -8.66719501 -8.52312353
 -8.74910606 -8.74216994 -8.71007092 -8.52840574 -8.80385828 -8.71609461
 -8.76201861 -8.67452897 -8.55125534 -8.64918013]
Step 6: Lyapunov vectors: [-8.55970655 -8.64919932 -8.42807822 -8.85331359 -8.63602989 -8.70005856
 -8.51248586 -8.63154269 -8.6473801  -8.57683348 -8.56915718 -8.65419745
 -8.70401632 -8.76157397 -8.65861589 -8.61915793 -8.57917008 -8.69630397
 -8.66631772 -8.71736675 -8.77217237 -8.49851738 -8.64261667 -8.64747856
 -8.71107526 -8.4258875  -8.73441522 -8.64604581 -8.71082399 -8.60054264
 -8.53991685 -8.82080959 -8.6592078  -8.77667668 -8.71190141 -8.76553754
 -8.70073976 -8.68381548 -8.64348169 -8.72146035 -8.63147834 -8.66778038
 -8.5778023  -8.4892296  -8.65515443 -8.73498547 -8.70486743 -8.73153687
 -8.63875434 -8.73877802 -8.60539592 -8.64723524 -8.58916756 -8.66901602
 -8.92213055 -8.79429011 -8.61030708 -8.48606968 -8.65779312 -8.70830287
 -8.89170174 -8.60511056 -8.75214228 -8.57784764 -8.67390797 -8.60079731
 -8.73840012 -8.66284709 -8.59028618 -8.47399889 -8.58205509 -8.66803116
 -8.72232115 -8.75649638 -8.63248835 -8.761006   -8.76991993 -8.61521663
 -8.67636401 -8.59281749 -8.55206605 -8.64294378 -8.64877444 -8.80246493
 -8.67233138 -8.71390481 -8.57531906 -8.56467285 -8.51086692 -8.64348736
 -8.66985371 -8.56574487 -8.65091684 -8.80528953 -8.68232493 -8.68778183
 -8.72133206 -8.68587412 -8.8182725  -8.75853848]
Step 7: Lyapunov vectors: [-8.76075508 -8.6923348  -8.55850561 -8.60577719 -8.77050433 -8.76075505
 -8.65394669 -8.56466996 -8.5891565  -8.53810699 -8.6147315  -8.71379307
 -8.51742047 -8.7536255  -8.70899496 -8.50606502 -8.61731297 -8.7430449
 -8.62450497 -8.6147459  -8.72234208 -8.57911941 -8.82064834 -8.56535668
 -8.72112147 -8.7040787  -8.50448868 -8.54413207 -8.74543899 -8.9213544
 -8.52193045 -8.64630152 -8.51685237 -8.48544507 -8.72382277 -8.59086681
 -8.57625468 -8.67122504 -8.53495743 -8.54713957 -8.82484866 -8.67349609
 -8.65922756 -8.62940219 -8.632143   -8.54683997 -8.69348741 -8.664708
 -8.64961243 -8.48404488 -8.58094986 -8.85063354 -8.72434627 -8.73945734
 -8.65075093 -8.6763214  -8.68841442 -8.52146349 -8.68592785 -8.73474386
 -8.79094703 -8.71698873 -8.51958578 -8.68025613 -8.62941345 -8.50388989
 -8.72308719 -8.68935991 -8.61594825 -8.65837055 -8.60231231 -8.60381818
 -8.67172965 -8.78399978 -8.72033365 -8.76073713 -8.63351201 -8.60292821
 -8.6905332  -8.52443707 -8.6513009  -8.66312643 -8.7087218  -8.50742946
 -8.75623007 -8.7109113  -8.6450686  -8.63735358 -8.74315555 -8.6395
 -8.68357923 -8.68615108 -8.67148139 -8.60141113 -8.80431904 -8.78579257
 -8.54615877 -8.70020048 -8.67445959 -8.65085848]
Step 8: Lyapunov vectors: [-8.715435   -8.65624281 -8.73806191 -8.64724034 -8.79258734 -8.6817435
 -8.50678597 -8.43910256 -8.6829227  -8.6195462  -8.51126383 -8.75223754
 -8.77864256 -8.69600136 -8.57295091 -8.50509478 -8.565623   -8.7720821
 -8.65284245 -8.65430402 -8.680408   -8.65340138 -8.6810895  -8.67490666
 -8.57844361 -8.6253496  -8.69684793 -8.68957903 -8.5473233  -8.73440031
 -8.59042308 -8.61870495 -8.61824818 -8.74878188 -8.82071252 -8.72568708
 -8.6242484  -8.66425639 -8.5314573  -8.53335821 -8.75976466 -8.65263552
 -8.60557686 -8.53164229 -8.57171393 -8.58978896 -8.77920415 -8.59748794
 -8.66311938 -8.67316691 -8.53055272 -8.64628904 -8.56409531 -8.54663072
 -8.56519111 -8.74035241 -8.69001601 -8.59404983 -8.70969349 -8.5767633
 -8.53390683 -8.68878936 -8.62751969 -8.47236972 -8.73966384 -8.68092674
 -8.61978514 -8.68277183 -8.65278619 -8.51264625 -8.48890185 -8.5927336
 -8.61682913 -8.57499837 -8.82824194 -8.60539173 -8.59394268 -8.40661844
 -8.52594217 -8.75091021 -8.39620753 -8.8670372  -8.54533781 -8.53875097
 -8.66961341 -8.47197494 -8.5806809  -8.48491919 -8.67082627 -8.54073326
 -8.57443334 -8.57801087 -8.52583199 -8.66700677 -8.61845296 -8.51661985
 -8.5546514  -8.65265792 -8.594354   -8.65398137]
Step 9: Lyapunov vectors: [-8.59468828 -8.73704873 -8.73002076 -8.76422624 -8.61926426 -8.58854776
 -8.68026698 -8.68732582 -8.63669611 -8.73998774 -8.56183778 -8.5778745
 -8.7491952  -8.74713164 -8.7625908  -8.66522909 -8.66334905 -8.71007697
 -8.64281409 -8.48878294 -8.65096174 -8.65053537 -8.72169219 -8.54844963
 -8.71224044 -8.56633104 -8.67891917 -8.50735187 -8.53845108 -8.56585471
 -8.65775687 -8.65954031 -8.65971637 -8.59792185 -8.56649258 -8.58610136
 -8.53190089 -8.82291244 -8.48128789 -8.66894123 -8.65314872 -8.63750874
 -8.61047929 -8.60177075 -8.63739894 -8.74996279 -8.52285207 -8.61020948
 -8.58748841 -8.57377285 -8.86234067 -8.62735222 -8.66452929 -8.71813501
 -8.66897241 -8.5034672  -8.76313783 -8.61250754 -8.60687963 -8.68017096
 -8.68221328 -8.68067987 -8.74396676 -8.62680133 -8.58104995 -8.7621969
 -8.67047037 -8.61268326 -8.63854789 -8.7150057  -8.58986514 -8.74535317
 -8.65524417 -8.45140259 -8.82713324 -8.74628705 -8.60561514 -8.39116085
 -8.69357648 -8.62637579 -8.70682943 -8.71677443 -8.84365652 -8.55019063
 -8.58859275 -8.9190346  -8.71227605 -8.6627331  -8.76605363 -8.68958605
 -8.68421226 -8.94069265 -8.50053875 -8.56122523 -8.70302299 -8.77002647
 -8.51804063 -8.62007674 -8.6100268  -8.65081082]
Step 10: Lyapunov vectors: [-8.55416599 -8.49769837 -8.55969675 -8.4282231  -8.41264561 -8.65840525
 -8.56434446 -8.69406694 -8.50201494 -8.58403191 -8.71233576 -8.81690212
 -8.56055774 -8.68160514 -8.44343742 -8.63453941 -8.58120734 -8.58873402
 -8.60543986 -8.5508208  -8.68652728 -8.62627613 -8.69051616 -8.61226433
 -8.61144287 -8.69831747 -8.5165424  -8.47392558 -8.7141519  -8.74774679
 -8.89414692 -8.58593801 -8.45259527 -8.87635379 -8.50534534 -8.58721247
 -8.48428223 -8.75171753 -8.68936745 -8.77061746 -8.76694643 -8.72829385
 -8.70340836 -8.62368569 -8.74110906 -8.67109415 -8.57411567 -8.6436985
 -8.62860636 -8.57555793 -8.64172142 -8.81502906 -8.54346095 -8.60919533
 -8.79229859 -8.6488125  -8.92059185 -8.55290923 -8.52842352 -8.64832556
 -8.82091977 -8.48130752 -8.64894959 -8.6829882  -8.6255185  -8.58881472
 -8.67202379 -8.59754452 -8.67225984 -8.61300334 -8.64487192 -8.68002961
 -8.56018483 -8.62469334 -8.63349012 -8.51954472 -8.54552933 -8.72152913
 -8.73379474 -8.84870884 -8.59191288 -8.80601147 -8.50034622 -8.7669028
 -8.64115867 -8.71268518 -8.68439818 -8.81575783 -8.54337243 -8.53383501
 -8.78167207 -8.55426257 -8.63019064 -8.77244343 -8.60664089 -8.70535933
 -8.59555319 -8.70111891 -8.62495024 -8.52916325]
Step 11: Lyapunov vectors: [-8.7152094  -8.69702211 -8.73106773 -8.60468679 -8.60907953 -8.55813614
 -8.70810917 -8.51390092 -8.76013293 -8.76810049 -8.64952246 -8.75375389
 -8.69954    -8.60191605 -8.63280594 -8.69547848 -8.74988689 -8.77097003
 -8.4930826  -8.55445621 -8.77622776 -8.74303094 -8.69906128 -8.55925021
 -8.78650022 -8.6937346  -8.79105926 -8.56941833 -8.61335008 -8.70367579
 -8.58220692 -8.50609947 -8.63646336 -8.71488181 -8.6986127  -8.71424018
 -8.55890197 -8.55114899 -8.55968092 -8.62298496 -8.71443959 -8.65656517
 -8.6098164  -8.77859457 -8.7059435  -8.72879487 -8.6686729  -8.82353183
 -8.73557547 -8.54708909 -8.61636394 -8.72572203 -8.60868065 -8.59874417
 -8.64246099 -8.51299777 -8.65359912 -8.6276298  -8.64633146 -8.69611753
 -8.80603809 -8.54197157 -8.52219118 -8.79617015 -8.63985104 -8.65208876
 -8.55507497 -8.7248604  -8.71881672 -8.68360964 -8.67827641 -8.87069185
 -8.64905746 -8.7340222  -8.64602343 -8.82933718 -8.76359573 -8.56247865
 -8.65473361 -8.75653511 -8.5932867  -8.53701003 -8.52412816 -8.57215925
 -8.65167751 -8.65153418 -8.53310313 -8.51493886 -8.59878492 -8.33654021
 -8.77695035 -8.67756492 -8.82464744 -8.69580094 -8.75818898 -8.68807827
 -8.73253493 -8.67731498 -8.63287243 -8.61462428]
Step 12: Lyapunov vectors: [-8.53088517 -8.4574834  -8.77837189 -8.45908807 -8.79308306 -8.4974804
 -8.71881552 -8.82868249 -8.54024501 -8.59538224 -8.5354559  -8.68549672
 -8.55259281 -8.52001627 -8.76424232 -8.55254361 -8.50327254 -8.90357821
 -8.545676   -8.6464249  -8.64269046 -8.53825105 -8.60054307 -8.68724826
 -8.46626318 -8.66390154 -8.64296232 -8.69637686 -8.76890064 -8.5607096
 -8.8411104  -8.74762177 -8.65613354 -8.60349115 -8.79994044 -8.71523602
 -8.45857398 -8.64326502 -8.55810543 -8.64253931 -8.56466987 -8.62846333
 -8.75947125 -8.7638107  -8.76957729 -8.7709796  -8.62087483 -8.67226498
 -8.71250943 -8.46363843 -8.70943747 -8.62471514 -8.70542633 -8.74177965
 -8.67543444 -8.52672965 -8.74827985 -8.7296821  -8.61606525 -8.47486805
 -8.66298917 -8.74007662 -8.63674992 -8.6804733  -8.68628158 -8.54095595
 -8.6332873  -8.64745852 -8.7410809  -8.67004574 -8.56214315 -8.82752375
 -8.56962644 -8.77105291 -8.82349514 -8.84328968 -8.83672388 -8.83155712
 -8.67869412 -8.53091211 -8.59356965 -8.82969853 -8.66564425 -8.7231114
 -8.58366575 -8.64151405 -8.62271935 -8.87100836 -8.66592888 -8.63266251
 -8.51169045 -8.69801718 -8.66157247 -8.59207889 -8.72621163 -8.59318391
 -8.55431324 -8.58539597 -8.68090099 -8.73748799]
Step 13: Lyapunov vectors: [-8.60555685 -8.61439506 -8.55412566 -8.41117983 -8.6931137  -8.51857618
 -8.55008126 -8.58668552 -8.79818366 -8.5718623  -8.68769388 -8.67856664
 -8.6219937  -8.68103152 -8.68007399 -8.71852438 -8.60072334 -8.4671793
 -8.48486896 -8.82362426 -8.52372857 -8.76399334 -8.68049752 -8.51259112
 -8.76399493 -8.81794956 -8.68525764 -8.68019541 -8.76570988 -8.71866546
 -8.84929304 -8.56303099 -8.75928069 -8.60661743 -8.41110021 -8.73874046
 -8.76950673 -8.5947556  -8.66904016 -8.70478034 -8.72126294 -8.56120637
 -8.74583983 -8.78778949 -8.61542447 -8.77947642 -8.66122104 -8.73839875
 -8.70206159 -8.59427143 -8.65262181 -8.65099244 -8.51468935 -8.63256433
 -8.56528628 -8.53292883 -8.70976427 -8.65040139 -8.73004868 -8.50855227
 -8.73728641 -8.6202454  -8.56518085 -8.56578326 -8.53831909 -8.48774775
 -8.67916384 -8.61964311 -8.54150093 -8.73769793 -8.62036704 -8.64056425
 -8.67327155 -8.43416338 -8.7465706  -8.72286842 -8.79208268 -8.59277175
 -8.63487686 -8.7291382  -8.63015179 -8.60613254 -8.62580501 -8.79683624
 -8.65762239 -8.72242862 -8.71634519 -8.69629782 -8.58373802 -8.5660724
 -8.58102294 -8.67376802 -8.62075208 -8.69479045 -8.6115356  -8.64252012
 -8.66990727 -8.64213463 -8.61775027 -8.62045847]
Step 14: Lyapunov vectors: [-8.60789565 -8.66059707 -8.75603838 -8.71022248 -8.61399097 -8.54338943
 -8.48283607 -8.63717204 -8.59829284 -8.64355845 -8.7101721  -8.74815462
 -8.67763265 -8.63704343 -8.58054462 -8.80019444 -8.67332618 -8.70882596
 -8.53245555 -8.47869979 -8.62215301 -8.714583   -8.94140264 -8.5805432
 -8.63661885 -8.74448968 -8.7736791  -8.41065659 -8.51425112 -8.52810131
 -8.57851719 -8.70535904 -8.62375147 -8.73267853 -8.61814101 -8.73499092
 -8.73116127 -8.78499843 -8.65842144 -8.60504942 -8.52543639 -8.75722733
 -8.74208762 -8.93698336 -8.69654345 -8.65338319 -8.76843541 -8.64727028
 -8.60353086 -8.34707505 -8.7554959  -8.68955412 -8.61060628 -8.74312072
 -8.66729871 -8.57662277 -8.63098101 -8.67742726 -8.60088499 -8.69632682
 -8.53690636 -8.59485104 -8.37566631 -8.77945337 -8.56113033 -8.76935136
 -8.51980259 -8.88630203 -8.71102868 -8.7560675  -8.70547596 -8.60091182
 -8.81511781 -8.6929753  -8.79423672 -8.86721717 -8.57778443 -8.68996221
 -8.62539719 -8.58313422 -8.42513544 -8.72594772 -8.65979072 -8.76159928
 -8.53737356 -8.52299798 -8.56075186 -8.42751128 -8.64279012 -8.70518956
 -8.70410157 -8.66408804 -8.62633812 -8.938248   -8.68757526 -8.7215932
 -8.63753659 -8.67465845 -8.70144044 -8.60012289]
Step 15: Lyapunov vectors: [-8.71038202 -8.58192175 -8.62177568 -8.74626368 -8.82235072 -8.67677826
 -8.42521829 -8.72626444 -8.50236471 -8.53508968 -8.7185972  -8.55222544
 -8.83445219 -8.80533438 -8.54666545 -8.68519137 -8.63887535 -8.61703314
 -8.56363516 -8.58992302 -8.4671281  -8.73091876 -8.74055063 -8.77150238
 -8.56318974 -8.53190139 -8.32064461 -8.58631317 -8.58529172 -8.58812871
 -8.76217066 -8.51806136 -8.86801392 -8.7995291  -8.64105306 -8.73158572
 -8.71559342 -8.76102216 -8.76136907 -8.83314019 -8.5023276  -8.69144424
 -8.57987343 -8.63513915 -8.73723641 -8.67905384 -8.73486949 -8.62651295
 -8.61245521 -8.61174077 -8.71710762 -8.59163632 -8.6477061  -8.65262192
 -8.55593536 -8.65474055 -8.68789137 -8.641514   -8.56465872 -8.4435617
 -8.63180847 -8.63461119 -8.58263046 -8.83090111 -8.79139386 -8.65978239
 -8.65912791 -8.54723631 -8.57446058 -8.56881893 -8.57086943 -8.82195162
 -8.54428792 -8.59582702 -8.6614929  -8.74259657 -8.62047814 -8.64013611
 -8.79837375 -8.61683195 -8.73506201 -8.58206729 -8.57542433 -8.49365213
 -8.77231181 -8.57797999 -8.68830413 -8.70565858 -8.67877928 -8.69892862
 -8.78480878 -8.93113188 -8.69422401 -8.54350438 -8.71174282 -8.61112932
 -8.72730906 -8.72052186 -8.51223216 -8.72553052]
Step 16: Lyapunov vectors: [-8.51206292 -8.58227959 -8.74759378 -8.67322309 -8.75580539 -8.48981344
 -8.51583464 -8.50121053 -8.74649166 -8.55596002 -8.43068738 -8.65027493
 -8.60753233 -8.58671624 -8.57674602 -8.5227668  -8.63895847 -8.79186737
 -8.52423342 -8.60467154 -8.67630151 -8.56871021 -8.73129736 -8.64940774
 -8.74474571 -8.53977378 -8.61175537 -8.61148736 -8.75646636 -8.58784754
 -8.73188357 -8.68276585 -8.85215589 -8.64640456 -8.45701983 -8.58001579
 -8.53654107 -8.59458029 -8.71198222 -8.7590263  -8.62560304 -8.62277196
 -8.56308676 -8.58456115 -8.62389183 -8.74762693 -8.58947235 -8.5879264
 -8.63901551 -8.69663236 -8.7351028  -8.67444133 -8.67402558 -8.58193271
 -8.66674672 -8.75185568 -8.74255565 -8.48514413 -8.83650403 -8.51613911
 -8.75618815 -8.80441245 -8.73638269 -8.80848462 -8.69998121 -8.65029953
 -8.50801678 -8.65202306 -8.53672547 -8.64476841 -8.74023504 -8.53196388
 -8.63835553 -8.75739401 -8.4748798  -8.72792348 -8.54645559 -8.55872879
 -8.56497217 -8.58078872 -8.79599272 -8.70166706 -8.72280409 -8.58046506
 -8.52832974 -8.72215719 -8.67144999 -8.78792011 -8.66560182 -8.83005414
 -8.69010395 -8.55897344 -8.52493514 -8.523637   -8.75915911 -8.49279045
 -8.59558703 -8.68202209 -8.64442486 -8.70706482]
Step 17: Lyapunov vectors: [-8.72312638 -8.68835117 -8.64293086 -8.40516646 -8.5935489  -8.53224698
 -8.70258201 -8.76656562 -8.8982542  -8.73647316 -8.58514787 -8.66373578
 -8.58471366 -8.63331065 -8.84213601 -8.85885784 -8.63274128 -8.63079631
 -8.69446492 -8.6112746  -8.72560738 -8.67361728 -8.84460686 -8.61064969
 -8.52139323 -8.7673942  -8.60243955 -8.77524954 -8.54411393 -8.63900075
 -8.72579256 -8.74412681 -8.79700371 -8.49567958 -8.83086741 -8.76665621
 -8.53696691 -8.58627772 -8.70060133 -8.68695994 -8.73758526 -8.55328497
 -8.76781632 -8.80166767 -8.70157454 -8.81151605 -8.56169878 -8.59543634
 -8.5955354  -8.74597429 -8.68718948 -8.61016691 -8.67218994 -8.65331722
 -8.52284236 -8.74599653 -8.50539268 -8.66634771 -8.61107589 -8.52421115
 -8.59702864 -8.68151487 -8.60338069 -8.62989679 -8.56475921 -8.61283355
 -8.72148516 -8.45401763 -8.69410832 -8.81248233 -8.72687464 -8.78871589
 -8.53693443 -8.643187   -8.55161782 -8.66595131 -8.66991913 -8.58869115
 -8.76871147 -8.759388   -8.51014937 -8.6842206  -8.75848815 -8.80512504
 -8.52496739 -8.69721345 -8.61218904 -8.62342244 -8.7418554  -8.46876146
 -8.58169812 -8.60888091 -8.62600384 -8.57075876 -8.63939897 -8.62520903
 -8.65363057 -8.77265858 -8.465411   -8.6429435 ]
Step 18: Lyapunov vectors: [-8.69858776 -8.66643129 -8.83963433 -8.7222188  -8.75857177 -8.64638666
 -8.56531953 -8.55198449 -8.76211795 -8.5407988  -8.54057596 -8.61989368
 -8.65361465 -8.82876742 -8.57635034 -8.57096094 -8.79789838 -8.57706261
 -8.71522876 -8.6530194  -8.6224235  -8.52901288 -8.59250735 -8.64524135
 -8.73382612 -8.64329854 -8.72841847 -8.741024   -8.74472476 -8.6087302
 -8.71055435 -8.59706507 -8.73211917 -8.82701408 -8.82593039 -8.54374126
 -8.67103297 -8.50851179 -8.58323572 -8.75348104 -8.75387372 -8.68552656
 -8.60779258 -8.62554772 -8.7563947  -8.52937385 -8.77409388 -8.66803315
 -8.65581541 -8.69020516 -8.67999825 -8.77130907 -8.72010148 -8.60613095
 -8.57152805 -8.65537813 -8.69964037 -8.57803389 -8.57661584 -8.76055596
 -8.55899774 -8.61887153 -8.69604458 -8.63635673 -8.5946675  -8.46682048
 -8.55311991 -8.70062525 -8.6130008  -8.41949669 -8.73356572 -8.6620545
 -8.60037349 -8.55252112 -8.85155287 -8.67540492 -8.6212274  -8.50548669
 -8.65497361 -8.67401128 -8.70103253 -8.74046279 -8.56507637 -8.58080854
 -8.64057441 -8.72606566 -8.82809704 -8.69649578 -8.93037589 -8.64742349
 -8.64669973 -8.66506424 -8.49737658 -8.61004968 -8.64944694 -8.6437129
 -8.69112737 -8.4438774  -8.62793049 -8.62874864]
Step 19: Lyapunov vectors: [-8.62057723 -8.64936401 -8.58563306 -8.66497901 -8.64287925 -8.57556927
 -8.6635012  -8.72168635 -8.75839699 -8.51633249 -8.54222935 -8.62884062
 -8.83082155 -8.68503679 -8.6444659  -8.59246108 -8.66601669 -8.67654534
 -8.47966463 -8.58956852 -8.53250967 -8.71222601 -8.59435695 -8.71589225
 -8.65323806 -8.72498954 -8.60148077 -8.83822991 -8.48181232 -8.58788761
 -8.79831885 -8.49722462 -8.64954126 -8.56041057 -8.5373585  -8.90157816
 -8.65110198 -8.84952286 -8.61410668 -8.68792105 -8.69727813 -8.62482721
 -8.68180639 -8.60775549 -8.51468165 -8.80794005 -8.72580487 -8.65795519
 -8.87284762 -8.58561267 -8.57640266 -8.7769321  -8.58129343 -8.65769443
 -8.80657825 -8.61123132 -8.74483192 -8.74386504 -8.61935825 -8.72575724
 -8.79372862 -8.73265827 -8.62829256 -8.74711442 -8.80205801 -8.51357347
 -8.70780388 -8.58320219 -8.56768348 -8.6703867  -8.8190119  -8.75342231
 -8.53671762 -8.55323253 -8.65504813 -8.50716769 -8.54443287 -8.53254725
 -8.64292984 -8.57860808 -8.6693586  -8.66028217 -8.59643278 -8.69718515
 -8.75783883 -8.77290928 -8.37566624 -8.59144546 -8.4837536  -8.63033682
 -8.68337633 -8.66700421 -8.62202811 -8.61522506 -8.64229762 -8.59114409
 -8.65317226 -8.74814443 -8.6248497  -8.52558549]
Step 20: Lyapunov vectors: [-8.58475911 -8.49346447 -8.74107077 -8.62128191 -8.65158705 -8.51821246
 -8.91910115 -8.62620916 -8.63149457 -8.52067874 -8.61313558 -8.43130361
 -8.91060023 -8.65126988 -8.67460338 -8.67473316 -8.67389871 -8.45029894
 -8.88004931 -8.54863304 -8.55387674 -8.59175185 -8.65204294 -8.66633622
 -8.76104763 -8.61029003 -8.7115988  -8.48277256 -8.56764937 -8.72039999
 -8.89015971 -8.68452018 -8.66702289 -8.56883676 -8.71989229 -8.7884348
 -8.69732239 -8.7038976  -8.56399783 -8.70816615 -8.68139791 -8.76809061
 -8.667079   -8.70322836 -8.82276753 -8.58249592 -8.68102238 -8.59772115
 -8.84413455 -8.60368755 -8.67963456 -8.80549782 -8.62181898 -8.54793487
 -8.59116437 -8.45148663 -8.75654016 -8.68624853 -8.65355326 -8.8066176
 -8.65591563 -8.71487584 -8.59501727 -8.62652993 -8.65200187 -8.65865645
 -8.59556644 -8.65621928 -8.60160834 -8.67764816 -8.75126068 -8.72461715
 -8.64795758 -8.6029911  -8.75984937 -8.60682202 -8.5464917  -8.79276415
 -8.73199086 -8.62991436 -8.46613484 -8.70203479 -8.653609   -8.76559395
 -8.76502687 -8.62674579 -8.58123834 -8.64880368 -8.69792923 -8.5785875
 -8.60723479 -8.54755764 -8.68145103 -8.54916667 -8.75128437 -8.62739345
 -8.84352577 -8.60268377 -8.59070695 -8.54381011]
Step 21: Lyapunov vectors: [-8.59101753 -8.5955631  -8.62612305 -8.57649724 -8.5923381  -8.54805165
 -8.62653384 -8.78254943 -8.7371196  -8.62177575 -8.58748543 -8.56414155
 -8.68306694 -8.56475088 -8.44372697 -8.61685192 -8.73701162 -8.57494467
 -8.68322871 -8.59330608 -8.64239181 -8.73775453 -8.60280867 -8.48724257
 -8.58245409 -8.54744634 -8.50398118 -8.73641103 -8.58981521 -8.66728822
 -8.79637027 -8.51390703 -8.71055099 -8.58867316 -8.54319189 -8.75552186
 -8.69201811 -8.61524351 -8.53137878 -8.67758945 -8.69855004 -8.70514829
 -8.84401586 -8.58624548 -8.79733541 -8.59453892 -8.54454379 -8.6611575
 -8.59810931 -8.65448001 -8.74193077 -8.63282074 -8.51040324 -8.67854935
 -8.57387025 -8.69320176 -8.6194521  -8.65335742 -8.49874969 -8.69510434
 -8.6705972  -8.64019596 -8.6550312  -8.7232399  -8.79972654 -8.63590671
 -8.51744851 -8.5697152  -8.67592393 -8.49371368 -8.55687343 -8.72767535
 -8.75941294 -8.70888381 -8.66807405 -8.83868128 -8.48398078 -8.61490469
 -8.64599971 -8.70448451 -8.57707365 -8.54316466 -8.79204785 -8.84046979
 -8.52633135 -8.460221   -8.77344549 -8.74864485 -8.59211531 -8.6151749
 -8.58121243 -8.67842164 -8.56056612 -8.55933234 -8.74008415 -8.47760759
 -8.69564957 -8.73487401 -8.64088956 -8.6775981 ]
Step 22: Lyapunov vectors: [-8.6736369  -8.94237785 -8.60013693 -8.42207095 -8.57570329 -8.53691981
 -8.66792037 -8.7422749  -8.57709609 -8.68840574 -8.66920567 -8.76331442
 -8.59923133 -8.70932335 -8.84669373 -8.50123014 -8.55665333 -8.81348352
 -8.57980566 -8.7700052  -8.47686537 -8.65265696 -8.5725388  -8.61368596
 -8.63898197 -8.67795443 -8.78522395 -8.6001634  -8.74219222 -8.76765392
 -8.61384952 -8.71050836 -8.42230828 -8.5240596  -8.43767886 -8.70717291
 -8.77996018 -8.56076829 -8.62447237 -8.51404777 -8.62789909 -8.76444265
 -8.7218367  -8.61256816 -8.74405369 -8.64552289 -8.53913391 -8.67488261
 -8.66155803 -8.46428702 -8.59006253 -8.69613691 -8.62664942 -8.8370766
 -8.61800261 -8.51972133 -8.57471526 -8.48505245 -8.60723065 -8.63095232
 -8.52316766 -8.65695087 -8.60800847 -8.77257397 -8.74295178 -8.66432315
 -8.67656325 -8.76546857 -8.53389827 -8.61195536 -8.74685197 -8.49180718
 -8.70348935 -8.68162714 -8.61447103 -8.62393784 -8.6244984  -8.74069465
 -8.66433983 -8.75047796 -8.55497387 -8.4714518  -8.6795716  -8.71660032
 -8.69253973 -8.65735832 -8.53331646 -8.80275769 -8.60872235 -8.78563798
 -8.58631266 -8.66456969 -8.7905074  -8.55609202 -8.79966519 -8.82579497
 -8.51471206 -8.72552727 -8.64756845 -8.52994949]
Step 23: Lyapunov vectors: [-8.65769805 -8.60399876 -8.50488421 -8.49099081 -8.64219309 -8.65582852
 -8.61557224 -8.67764    -8.83439226 -8.54081866 -8.44921434 -8.54722874
 -9.09414736 -8.67803567 -8.43570766 -8.64585769 -8.60002275 -8.5851712
 -8.65233676 -8.75183128 -8.53269128 -8.64440818 -8.70930377 -8.75287934
 -8.60130444 -8.71515979 -8.69412559 -8.74339164 -8.6247339  -8.65750633
 -8.72707781 -8.57665273 -8.50904297 -8.68771563 -8.55984384 -8.65131484
 -8.74878203 -8.55956198 -8.75589611 -8.81646779 -8.61323243 -8.60213721
 -8.69962062 -8.45284997 -8.68172602 -8.64308342 -8.73058082 -8.73952054
 -8.6612211  -8.79666741 -8.59968392 -8.63544822 -8.44016217 -8.78516634
 -8.69651247 -8.62334702 -8.65960602 -8.56644682 -8.7487614  -8.65739208
 -8.6172128  -8.51733382 -8.63412404 -8.84708386 -8.53155201 -8.59240475
 -8.53382096 -8.83485407 -8.73471882 -8.74970384 -8.65883851 -8.69188642
 -8.50779912 -8.66385591 -8.39314451 -8.61224719 -8.55918363 -8.68279134
 -8.74830945 -8.61722679 -8.70454619 -8.60030201 -8.6926889  -8.5685673
 -8.82803176 -8.86817443 -8.79027284 -8.71387181 -8.65006649 -8.59560081
 -8.67326476 -8.6824918  -8.81045013 -8.70244233 -8.57391515 -8.59960529
 -8.59866042 -8.543874   -8.64865762 -8.71569255]
Step 24: Lyapunov vectors: [-8.7604903  -8.75885087 -8.60727233 -8.6285821  -8.52398304 -8.75492126
 -8.52568133 -8.55820656 -8.45604352 -8.74435964 -8.67412207 -8.63386472
 -8.60585216 -8.59195348 -8.58637531 -8.854262   -8.84715649 -8.58752604
 -8.69021211 -8.6876906  -8.64819213 -8.55989934 -8.83021932 -8.71360384
 -8.59727043 -8.74224252 -8.6466319  -8.85025009 -8.8573872  -8.81627033
 -8.74497126 -8.61769683 -8.77699925 -8.54939116 -8.74846056 -8.56057338
 -8.51733535 -8.6852741  -8.66521362 -8.50996225 -8.6460377  -8.60399171
 -8.70029973 -8.69718864 -8.7490921  -8.63889461 -8.64523853 -8.6560232
 -8.72333093 -8.59191093 -8.67127529 -8.66027017 -8.49291475 -8.65000361
 -8.61901408 -8.65925807 -8.70737064 -8.73557708 -8.62232686 -8.5998198
 -8.68855879 -8.48708005 -8.55622599 -8.7195952  -8.59301633 -8.60486463
 -8.66530515 -8.68696254 -8.6192779  -8.87037705 -8.51904076 -8.56548555
 -8.7098242  -8.69953258 -8.67060228 -8.70339964 -8.65197401 -8.64362558
 -8.64355706 -8.74605319 -8.74630565 -8.77833406 -8.72655975 -8.56498807
 -8.6095968  -8.47907937 -8.75732121 -8.68671007 -8.72913411 -8.56348755
 -8.63494452 -8.70637604 -8.78582009 -8.79243071 -8.7305972  -8.90903479
 -8.58699084 -8.54532435 -8.72091739 -8.73663467]
Step 25: Lyapunov vectors: [-8.57717995 -8.69236388 -8.65659307 -8.55616858 -8.70321949 -8.59327417
 -8.56104596 -8.56472752 -8.54104703 -8.77511304 -8.47982024 -8.5351195
 -8.64492399 -8.61626577 -8.64388575 -8.72910564 -8.46671149 -8.44905834
 -8.69824254 -8.56534214 -8.78507744 -8.68849019 -8.50312298 -8.68278419
 -8.72107195 -8.5441916  -8.70659849 -8.80158121 -8.68639355 -8.66587602
 -8.71062807 -8.66058588 -9.02740287 -8.55069567 -8.59069894 -8.63248266
 -8.77469001 -8.56939008 -8.58748138 -8.74552704 -8.57247422 -8.61205006
 -8.62464537 -8.73288721 -8.54362775 -8.47241144 -8.74698319 -8.7371117
 -8.65159889 -8.73846116 -8.76698088 -8.46892188 -8.72590921 -8.75061317
 -8.50445233 -8.76905573 -8.61714441 -8.75275918 -8.59462133 -8.64023751
 -8.58478925 -8.5930838  -8.59126331 -8.73253659 -8.72933377 -8.77447635
 -8.65641812 -8.78604893 -8.83666144 -8.56538849 -8.58574575 -8.64872779
 -8.84258829 -8.67488302 -8.50048096 -8.49277621 -8.47953388 -8.68256364
 -8.70703297 -8.5874501  -8.84817864 -8.59798826 -8.6220634  -8.72737583
 -8.49780167 -8.5803919  -8.61379231 -8.59137811 -8.49634212 -8.58539278
 -8.67443936 -8.56030677 -8.75129302 -8.86299398 -8.59572059 -8.60790291
 -8.75739627 -8.69757084 -8.50937686 -8.55413364]
Step 26: Lyapunov vectors: [-8.69037158 -8.80474775 -8.72578641 -8.52458849 -8.74684039 -8.67415916
 -8.54203008 -8.57449884 -8.70191201 -8.60609406 -8.63156677 -8.63831853
 -8.60242514 -8.58274189 -8.76090621 -8.75428583 -8.79603945 -8.53645069
 -8.61357848 -8.81234095 -8.44829789 -8.51741816 -8.70101652 -8.93991199
 -8.52739623 -8.76138076 -8.67899499 -8.6217851  -8.63407465 -8.73075187
 -8.85406989 -8.69623004 -8.73415025 -8.60152618 -8.70574263 -8.65507742
 -8.63124517 -8.7041281  -8.71298538 -8.64254499 -8.90295755 -8.59629769
 -8.80088354 -8.7809203  -8.70941638 -8.52360647 -8.56286786 -8.71450826
 -8.71342142 -8.66745755 -8.50251485 -8.71693306 -8.58847645 -8.57678674
 -8.62681335 -8.68707886 -8.67156088 -8.64388593 -8.5562547  -8.70185289
 -8.64536086 -8.62096682 -8.52226522 -8.53492276 -8.7673613  -8.63332735
 -8.7266076  -8.71245474 -8.81820777 -8.56382913 -8.69803404 -8.69328935
 -8.73237799 -8.54959655 -8.44708548 -8.83032087 -8.55695398 -8.6561126
 -8.64242025 -8.67068907 -8.59369043 -8.50867655 -8.78414739 -8.81592123
 -8.7708785  -8.61343902 -8.64265081 -8.62532729 -8.64086187 -8.63977811
 -8.71286258 -8.67587529 -8.62470942 -8.87021814 -8.5986158  -8.65651737
 -8.81018623 -8.67923461 -8.52445836 -8.52459575]
Step 27: Lyapunov vectors: [-8.59212841 -8.55736004 -8.57424254 -8.63630353 -8.64908866 -8.64718932
 -8.50495444 -8.52648655 -8.46708525 -8.70885905 -8.60476906 -8.67144323
 -8.82579147 -8.57861248 -8.7506394  -8.72825712 -8.57445873 -8.56280595
 -8.67940199 -8.74845435 -8.76827183 -8.58576412 -8.77811426 -8.58106955
 -8.73222802 -8.6661206  -8.7867993  -8.56367878 -8.45139728 -8.77066908
 -8.49150099 -8.67934851 -8.69584187 -8.58626673 -8.61140769 -8.53594824
 -8.68762252 -8.7268389  -8.64187303 -8.53676257 -8.76583694 -8.51530665
 -8.7565244  -8.74478322 -8.63480143 -8.68258226 -8.69444342 -8.58354634
 -8.55394853 -8.59928856 -8.64009752 -8.85564271 -8.76278023 -8.86242774
 -8.71310398 -8.45603135 -8.62891308 -8.87013339 -8.58432328 -8.65859968
 -8.78858321 -8.62571876 -8.60183082 -8.73757726 -8.77499195 -8.49850988
 -8.54819205 -8.50528034 -8.60079633 -8.71520611 -8.60081048 -8.55036822
 -8.69948744 -8.88129634 -8.64085386 -8.67988028 -8.53072911 -8.70800454
 -8.66428534 -8.5855994  -8.44821044 -8.52562288 -8.60607347 -8.60498535
 -8.7435397  -8.51333151 -8.52617649 -8.6771059  -8.59101925 -8.65188283
 -8.49312201 -8.60273619 -8.66397843 -8.46447029 -8.76317483 -8.80141817
 -8.56560059 -8.62638023 -8.75256352 -8.81691916]
Step 28: Lyapunov vectors: [-8.97051981 -8.80724025 -8.77290007 -8.6406014  -8.43029537 -8.88848941
 -8.55711486 -8.76555145 -8.51203554 -8.80050272 -8.65947315 -8.65738097
 -8.58939092 -8.57334427 -8.71765731 -8.65416489 -8.63496685 -8.61513236
 -8.59228969 -8.76668894 -8.63924681 -8.69205737 -8.71100662 -8.48654764
 -8.56330195 -8.61418017 -8.77147833 -8.65975501 -8.6538863  -8.76956537
 -8.69490359 -8.49851208 -8.79052083 -8.58796634 -8.7790764  -8.6585862
 -8.61459475 -8.45110513 -8.69449122 -8.70428406 -8.72453079 -8.69449789
 -8.68374016 -8.47783454 -8.73115639 -8.67358572 -8.73932702 -8.67411553
 -8.57768623 -8.83894681 -8.59534243 -8.55344246 -8.5931288  -8.74266669
 -8.63533566 -8.78783956 -8.59471231 -8.72132218 -8.69646294 -8.58574372
 -8.82375186 -8.65448662 -8.59402587 -8.56116157 -8.78515628 -8.64068673
 -8.93833778 -8.63366455 -8.69740873 -8.51526823 -8.64883249 -8.76117609
 -8.55741079 -8.88556791 -8.75875303 -8.64970473 -8.56171121 -8.68483389
 -8.66145297 -8.72605065 -8.44377877 -8.49846604 -8.63486922 -8.70583706
 -8.75123362 -8.69024505 -8.67848868 -8.59635404 -8.59982771 -8.69994337
 -8.64973616 -8.7605577  -8.67384763 -8.61728199 -8.69318974 -8.51518456
 -8.74729454 -8.7344595  -8.4529292  -8.5029505 ]
Step 29: Lyapunov vectors: [-8.726254   -8.63886747 -8.70774536 -8.72334111 -8.56788607 -8.47327012
 -8.78382618 -8.58733317 -8.60654499 -8.6623356  -8.72930893 -8.61996982
 -8.64137236 -8.72268114 -8.63015959 -8.62867763 -8.57771393 -8.66904389
 -8.54937497 -8.67810027 -8.51904018 -8.63799306 -8.72498111 -8.76180185
 -8.78920721 -8.67600934 -8.66717043 -8.73006041 -8.61091237 -8.65472585
 -8.6032804  -8.66939218 -8.73221771 -8.79438733 -8.50774378 -8.5711448
 -8.67952253 -8.75237379 -8.82424163 -8.66881605 -8.67155949 -8.63874606
 -8.7423382  -8.69604772 -8.52235252 -8.6126991  -8.56672311 -8.71197904
 -8.68264579 -8.6107875  -8.83714933 -8.7591255  -8.59203805 -8.4778933
 -8.62092827 -8.78756709 -8.57326112 -8.69985006 -8.76238667 -8.60638556
 -8.67046144 -8.68281296 -8.66272061 -8.60170308 -8.73831345 -8.78097038
 -8.51866621 -8.5843426  -8.52783942 -8.71617441 -8.70309482 -8.50928114
 -8.60806145 -8.45091074 -8.71502316 -8.74538418 -8.59888128 -8.51578515
 -8.69492888 -8.62192984 -8.66524325 -8.60499855 -8.75865583 -8.4804253
 -8.58587159 -8.50703179 -8.51531736 -8.70116164 -8.80066139 -8.79888104
 -8.70785823 -8.70015321 -8.5809306  -8.66848321 -8.75252974 -8.70550877
 -8.48336413 -8.55690882 -8.55958117 -8.64514026]
Step 30: Lyapunov vectors: [-8.44869956 -8.64491079 -8.55000381 -8.44510458 -8.68178702 -8.67457442
 -8.62070823 -8.65559734 -8.6689464  -8.60928209 -8.67858106 -8.80820137
 -8.65949053 -8.49913602 -8.65405214 -8.6106348  -8.73280924 -8.5367785
 -8.64008354 -8.71656732 -8.47652753 -8.6633523  -8.56656104 -8.72343093
 -8.45251305 -8.72169734 -8.48759241 -8.65465391 -8.644265   -8.47349236
 -8.6321561  -8.58311693 -8.5529706  -8.57212794 -8.61192961 -8.57376128
 -8.58872552 -8.53570971 -8.44625443 -8.70749902 -8.54203169 -8.5268331
 -8.69935573 -8.53418054 -8.57084275 -8.6325354  -8.66217291 -8.59616767
 -8.72712279 -8.48707304 -8.86016148 -8.92445365 -8.64675816 -8.54552409
 -8.6574     -8.79126029 -8.47249562 -8.79636389 -8.60872745 -8.52986728
 -8.81453839 -8.44099246 -8.71130584 -8.55853654 -8.66831398 -8.61606243
 -8.71733134 -8.57141995 -8.58058325 -8.56760114 -8.61652788 -8.60859004
 -8.63532866 -8.46751027 -8.6366173  -8.58128517 -8.52726332 -8.76284072
 -8.52232845 -8.75909545 -8.89231032 -8.54470206 -8.62501789 -8.78251806
 -8.80036995 -8.84142825 -8.76971475 -8.72345004 -8.73347617 -8.69492626
 -8.75426027 -8.63059417 -8.64827777 -8.73477539 -8.56962138 -8.76247983
 -8.67948191 -8.70714204 -8.66837976 -8.73721217]
Step 31: Lyapunov vectors: [-8.77386315 -8.49794921 -8.65634804 -8.59964319 -8.77901958 -8.63586678
 -8.45198697 -8.56729312 -8.54507746 -8.58080582 -8.7380541  -8.57926498
 -8.58450612 -8.62439395 -8.62718023 -8.82347461 -8.68710536 -8.60580375
 -8.74477957 -8.60285489 -8.71043731 -8.64183825 -8.81932259 -8.62841335
 -8.61889701 -8.79901069 -8.55375209 -8.52246202 -8.68335294 -8.57204104
 -8.56634255 -8.59429029 -8.61322733 -8.85103551 -8.64625803 -8.52931648
 -8.61468963 -8.62675321 -8.69603794 -8.634995   -8.60848498 -8.63338804
 -8.55168394 -8.85226506 -8.71213954 -8.67943203 -8.76331533 -8.57513241
 -8.63972773 -8.61680948 -8.78774398 -8.61948123 -8.71280477 -8.71558026
 -8.60584465 -8.75917948 -8.74878134 -8.73670592 -8.62088271 -8.73957771
 -8.68845393 -8.65316451 -8.78021212 -8.678818   -8.69186971 -8.51006144
 -8.79165702 -8.71344899 -8.73571823 -8.61551644 -8.85263152 -8.67059803
 -8.59359146 -8.61013607 -8.47110573 -8.66942731 -8.56626387 -8.64937321
 -8.62299109 -8.65492413 -8.68080602 -8.65055037 -8.83677625 -8.86165172
 -8.78038269 -8.46155735 -8.68855826 -8.67991275 -8.4488941  -8.63737043
 -8.64081927 -8.62972636 -8.49872655 -8.75595898 -8.59147985 -8.55542562
 -8.62711537 -8.61044816 -8.70625825 -8.76893837]
Step 32: Lyapunov vectors: [-8.83603507 -8.70978677 -8.65023546 -8.78186965 -8.88227632 -8.64403723
 -8.724213   -8.40186986 -8.63134592 -8.72727601 -8.68788888 -8.53316894
 -8.49361943 -8.55775939 -8.6453989  -8.78031108 -8.70487663 -8.72609512
 -8.58815128 -8.63278005 -8.59464778 -8.54899585 -8.74955874 -8.44446039
 -8.4561363  -8.60161919 -8.61431184 -8.76037744 -8.81951529 -8.44629312
 -8.62918956 -8.86805168 -8.59348731 -8.5618397  -8.44197888 -8.79931318
 -8.5716976  -8.65811569 -8.63599301 -8.46621711 -8.70061394 -8.83779209
 -8.784061   -8.64445316 -8.56590025 -8.65943707 -8.4966859  -8.80378226
 -8.62051843 -8.68071062 -8.62141334 -8.66183522 -8.75416027 -8.51190909
 -8.5520847  -8.60203682 -8.63035558 -8.53430622 -8.6336985  -8.60740871
 -8.44146812 -8.64920316 -8.70980701 -8.73052256 -8.59929691 -8.70652277
 -8.64609608 -8.67204589 -8.81830545 -8.60071687 -8.70926967 -8.63186535
 -8.69818388 -8.74640712 -8.64298193 -8.48009356 -8.54643662 -8.79230539
 -8.56001531 -8.6696826  -8.4596416  -8.5494178  -8.66115086 -8.44130975
 -8.75730061 -8.58564539 -8.81817047 -8.50939901 -8.52699444 -8.85335209
 -8.53027076 -8.55864479 -8.63164083 -8.57772917 -8.66678022 -8.58444303
 -8.8114739  -8.5539566  -8.59801873 -8.63160458]
Step 33: Lyapunov vectors: [-8.76019599 -8.55182932 -8.64886719 -8.72213758 -8.53955505 -8.43187401
 -8.67445366 -8.68629444 -8.57636888 -8.77867239 -8.44172858 -8.56754271
 -8.71526244 -8.71383076 -8.62942408 -8.60059918 -8.50825271 -8.49996273
 -8.75249416 -8.83647747 -8.62483428 -8.78056359 -8.64016594 -8.92699476
 -8.7413915  -8.82134973 -8.53222776 -8.67642476 -8.79772727 -8.65967865
 -8.60888653 -8.71673306 -8.73457734 -8.71894655 -8.51072095 -8.71759837
 -8.49264087 -8.59861402 -8.58276767 -8.79012703 -8.6122928  -8.87832596
 -8.69927201 -8.65262635 -8.6500673  -8.67612921 -8.87408197 -8.77348508
 -8.72409946 -8.7523089  -8.7757496  -8.63666442 -8.82320791 -8.93607428
 -8.65473508 -8.95838518 -8.58456287 -8.47162156 -8.68725549 -8.72646379
 -8.60161506 -8.55667837 -8.56575176 -8.73969933 -8.72748787 -8.5911516
 -8.68753364 -8.81870619 -8.6565767  -8.61975352 -8.67450477 -8.67724972
 -8.71354394 -8.49718547 -8.63531156 -8.76433254 -8.6929612  -8.77233631
 -8.46847523 -8.60124529 -8.72764881 -8.76335595 -8.59399298 -8.5347915
 -8.52783286 -8.89832678 -8.55909571 -8.59166413 -8.73820298 -8.74629257
 -8.66310541 -8.62725764 -8.86022334 -8.69328101 -8.5504836  -8.70054111
 -8.64498377 -8.85426997 -8.72703165 -8.69949885]
Step 34: Lyapunov vectors: [-8.60949623 -8.63611511 -8.58606091 -8.8079911  -8.66115584 -8.80138668
 -8.69459679 -8.70856323 -8.66838164 -8.54058135 -8.76317445 -8.74312522
 -8.72616123 -8.70237349 -8.62197897 -8.70623089 -8.75963139 -8.5924942
 -8.59542372 -8.64692461 -8.74563537 -8.58791159 -8.61093245 -8.82271473
 -8.69426034 -8.6761416  -8.82709388 -8.70325244 -8.50594765 -8.60319183
 -8.53622356 -8.76903194 -8.773742   -8.60409512 -8.58702032 -8.64199649
 -8.87871272 -8.62011511 -8.85562696 -8.77078269 -8.61913654 -8.59442736
 -8.58318702 -8.71961632 -8.70418121 -8.81666204 -8.74469443 -8.70909932
 -8.59540073 -8.70384325 -8.63274166 -8.5805275  -8.71279245 -8.7476554
 -8.76078462 -8.65597998 -8.65975554 -8.45264563 -8.57329011 -8.46190971
 -8.71671894 -8.79849659 -8.6919433  -8.52705738 -8.7184137  -8.55482404
 -8.71231271 -8.71333202 -8.68664914 -8.65496254 -8.70286919 -8.72492444
 -8.69379725 -8.64799199 -8.60046862 -8.6168166  -8.60201711 -8.72994874
 -8.67350082 -8.43948073 -8.58042035 -8.77547233 -8.72223639 -8.78910392
 -8.78202756 -8.64649229 -8.71460985 -8.72515716 -8.58475975 -8.70413849
 -8.87156016 -8.73654091 -8.60962075 -8.69212022 -8.72461354 -8.72262902
 -8.68133854 -8.62220502 -8.66317252 -8.65698748]
Step 35: Lyapunov vectors: [-8.50090908 -8.68012256 -8.46996646 -8.53484406 -8.56400399 -8.59997431
 -8.7129423  -8.63278464 -8.57500608 -8.69039039 -8.47883562 -8.63659229
 -8.77167709 -8.71176146 -8.65886037 -8.82802909 -8.62067774 -8.55197597
 -8.62960176 -8.73100357 -8.61585445 -8.5861128  -8.71097652 -8.68305253
 -8.65807797 -8.71535018 -8.48518505 -8.59125387 -8.88660193 -8.50749737
 -8.71632077 -8.57414716 -8.58723558 -8.68941135 -8.72828904 -8.4006079
 -8.57541002 -8.83668117 -8.45106739 -8.53678724 -8.55632887 -8.47511363
 -8.5778579  -8.7769803  -8.61701152 -8.50126188 -8.57339317 -8.61084873
 -8.6180235  -8.75418717 -8.56760449 -8.59462561 -8.61333398 -8.66230341
 -8.68107781 -8.61034359 -8.82207066 -8.51617054 -8.60011236 -8.76233622
 -8.55664715 -8.47038055 -8.76195664 -8.76500446 -8.66848876 -8.52105494
 -8.64828581 -8.69220516 -8.61442703 -8.57675002 -8.6990906  -8.67512164
 -8.66960584 -8.6401002  -8.61955154 -8.57187637 -8.56133166 -8.72349856
 -8.57078732 -8.61444587 -8.87029845 -8.65739268 -8.58668369 -8.58692651
 -8.59918066 -8.91110778 -8.65401262 -8.75057758 -8.95153937 -8.67649605
 -8.65057994 -8.4917952  -8.85204881 -8.61521089 -8.81721277 -8.63780181
 -8.53208164 -8.88570189 -8.68265737 -8.53532619]
Step 36: Lyapunov vectors: [-8.64178163 -8.66968014 -8.81259648 -8.80677463 -8.81254584 -8.70906346
 -8.84850554 -8.6201822  -8.75878374 -8.50687039 -8.84557441 -8.64253031
 -8.60978412 -8.59157011 -8.64339838 -8.6232541  -8.55364958 -8.60461366
 -8.52116423 -8.77173304 -8.75141095 -8.5616752  -8.5936948  -8.51525463
 -8.66972902 -8.780413   -8.91674208 -8.72282669 -8.66544492 -8.70907752
 -8.60748421 -8.59352664 -8.64308932 -8.75218045 -8.50733392 -8.6979254
 -8.61873984 -8.71916891 -8.72164424 -8.64849596 -8.6190913  -8.6090309
 -8.66254244 -8.53465492 -8.72808032 -8.69921964 -8.59879418 -8.54293195
 -8.67885916 -8.6775278  -8.4714011  -8.65625153 -8.62926387 -8.62081135
 -8.62475131 -8.47568032 -8.62410497 -8.65642419 -8.58405544 -8.53051927
 -8.70314059 -8.77950869 -8.59660197 -8.64297903 -8.61713563 -8.58691138
 -8.56134725 -8.49700065 -8.67745851 -8.73349461 -8.63869133 -8.7104658
 -8.58546805 -8.60783646 -8.70963329 -8.59963133 -8.52877466 -8.50994789
 -8.70199972 -8.58204282 -8.85591849 -8.68635964 -8.95223169 -8.55582548
 -8.63834985 -8.73158539 -8.71992595 -8.5844772  -8.69201641 -8.55619946
 -8.551736   -8.54572165 -8.75454871 -8.46836244 -8.63015841 -8.81956184
 -8.72124302 -8.62957908 -8.83856323 -8.90684093]
Step 37: Lyapunov vectors: [-8.71316219 -8.74183348 -8.80196896 -8.65625813 -8.69489312 -8.41861879
 -8.6238934  -8.61888066 -8.68142072 -8.52896016 -8.7541766  -8.64935103
 -8.65746044 -8.6048532  -8.60678215 -8.81967508 -8.8305001  -8.58236035
 -8.56258858 -8.80910542 -8.65156289 -8.81807955 -8.64139595 -8.57421438
 -8.54490871 -8.78523061 -8.64554646 -8.77149985 -8.65283124 -8.438585
 -8.72272407 -8.65529181 -8.76025146 -8.59657705 -8.82867339 -8.84815408
 -8.70806293 -8.55386679 -8.3763507  -8.54673471 -8.82932746 -8.72534978
 -8.70751101 -8.63372035 -8.62588749 -8.66134415 -8.48234868 -8.72189762
 -8.73605629 -8.51331365 -8.68702533 -8.70350239 -8.29071283 -8.6011886
 -8.77990804 -8.56292808 -8.62254136 -8.59808474 -8.6836167  -8.55180567
 -8.74184082 -8.43305006 -8.52639075 -8.67211157 -8.70545661 -8.71198662
 -8.58701881 -8.63500196 -8.70295563 -8.61944348 -8.72347918 -8.74021652
 -8.7215426  -8.552482   -8.77312561 -8.75104806 -8.51850781 -8.65639577
 -8.71304195 -8.81291071 -8.68253843 -8.67479885 -8.56145091 -8.54562122
 -8.57985242 -8.64151103 -8.60444865 -8.62378618 -8.63912541 -8.5247439
 -8.76389743 -8.59530704 -8.73232968 -8.56095274 -8.71888482 -8.59454639
 -8.59938964 -8.46956271 -8.89880009 -8.54551389]
Step 38: Lyapunov vectors: [-8.69623777 -8.64293835 -8.5439228  -8.72077957 -8.62509387 -8.884022
 -8.76187813 -8.61710667 -8.57285296 -8.57685603 -8.8135797  -8.66966076
 -8.60381928 -8.58178825 -8.70031218 -8.42839874 -8.61191609 -8.76685494
 -8.57425294 -8.51861176 -8.61233401 -8.7709452  -8.55518166 -8.72016876
 -8.81369518 -8.56394966 -8.84217233 -8.5647003  -8.82866124 -8.63109369
 -8.73900408 -8.60106782 -8.48769027 -8.41449707 -8.74019119 -8.65133287
 -8.44632398 -8.88965087 -8.52838926 -8.7512069  -8.65857171 -8.65702055
 -8.71245982 -8.72587237 -8.75860471 -8.61848491 -8.63867596 -8.50970177
 -8.58346823 -8.67545389 -8.54275213 -8.49347878 -8.62419901 -8.4912229
 -8.73149818 -8.58266072 -8.53300855 -8.60500107 -8.70595175 -8.56822973
 -8.56152013 -8.70864979 -8.6720419  -8.77707061 -8.60919547 -8.83654755
 -8.74697015 -8.49962475 -8.76568625 -8.65019542 -8.77443967 -8.90018822
 -8.67001731 -8.76970671 -8.69672824 -8.60843334 -8.54505724 -8.63087881
 -8.74263553 -8.64361074 -8.73802858 -8.70252399 -8.62318249 -8.46880099
 -8.77780759 -8.74503849 -8.6468795  -8.57323314 -8.84402181 -8.77362584
 -8.5665555  -8.8946206  -8.67757803 -8.71835038 -8.61834058 -8.60499052
 -8.63041282 -8.7582932  -8.84093534 -8.84407069]
Step 39: Lyapunov vectors: [-8.66607612 -8.55569884 -8.8176273  -8.89810093 -8.67505236 -8.62456862
 -8.81843221 -8.56237932 -8.48656799 -8.67423642 -8.72619451 -8.65889554
 -8.60005921 -8.49834657 -8.61388807 -8.48892911 -8.59417414 -8.7263543
 -8.48402837 -8.80118269 -8.71551338 -8.77973464 -8.46752825 -8.66065951
 -8.58251843 -8.6792527  -8.73436283 -8.63342399 -8.46203541 -8.52788107
 -8.56826144 -8.52655269 -8.78995514 -8.61388698 -8.56487457 -8.536736
 -8.6698303  -8.57799812 -8.62605933 -8.7631694  -8.62537095 -8.6362546
 -8.64502378 -8.70269034 -8.87193552 -8.64788935 -8.56695158 -8.6394172
 -8.61276647 -8.51982229 -8.63717994 -8.53548423 -8.40568059 -8.71390099
 -8.62611742 -8.76415767 -8.60433591 -8.76112254 -8.70873674 -8.74616679
 -8.68762066 -8.77368493 -8.6184467  -8.64252861 -8.61742749 -8.89314353
 -8.57967631 -8.51484924 -8.7824473  -8.68196709 -8.61298676 -8.62855158
 -8.66947343 -8.72105333 -8.63206244 -8.49449709 -8.5980834  -8.45297289
 -8.80754804 -8.61936609 -8.7424431  -8.58644074 -8.57498747 -8.62147051
 -8.76040425 -8.65775883 -8.6371166  -8.69038246 -8.68940637 -8.78102324
 -8.76281866 -8.58510451 -8.75213192 -8.7319148  -8.71079899 -8.629145
 -8.9083537  -8.70026974 -8.46260196 -8.60720269]
Step 40: Lyapunov vectors: [-8.61165542 -8.97591593 -8.63421996 -8.80851546 -8.76253561 -8.62229925
 -8.65624629 -8.57990481 -8.7015227  -8.65909765 -8.63958787 -8.42868729
 -8.728859   -8.44238299 -8.58330475 -8.7925173  -8.65498016 -8.83264956
 -8.75399843 -8.55290867 -8.68413031 -8.5826046  -8.87388627 -8.7120663
 -8.75836255 -8.61523686 -8.70550649 -8.80525492 -8.50748413 -8.62769743
 -8.79825296 -8.75006207 -8.73005249 -8.54400415 -8.57293276 -8.54335508
 -8.62718187 -8.63891911 -8.71557809 -8.57526155 -8.45204046 -8.62190936
 -8.5215651  -8.44199543 -8.75597123 -8.66932653 -8.73435269 -8.72799673
 -8.78734466 -8.54145252 -8.6070171  -8.75085135 -8.61924555 -8.56989207
 -8.6210487  -8.79307691 -8.63564311 -8.57324736 -8.51808146 -8.60148629
 -8.53968233 -8.72690714 -8.58667772 -8.63758007 -8.62982179 -8.67352905
 -8.67495523 -8.90605239 -8.57666236 -8.72435963 -8.60629093 -8.55234227
 -8.64082656 -8.68922147 -8.71157076 -8.52347879 -8.69151954 -8.52948642
 -8.49704866 -8.57486173 -8.4838246  -8.67133606 -8.65811445 -8.78012583
 -8.5567206  -8.5274216  -8.63880773 -8.67634001 -8.97043365 -8.72855201
 -8.6006055  -8.62977585 -8.48779849 -8.55454045 -8.67457175 -8.64568772
 -8.61807884 -8.51923961 -8.61368868 -8.7151222 ]
Step 41: Lyapunov vectors: [-8.502166   -8.64777887 -8.51101022 -8.73724919 -8.5943361  -8.70311249
 -8.59058663 -8.60263549 -8.56435225 -8.54496362 -8.72937786 -8.7643742
 -8.60314444 -8.8544852  -8.62274191 -8.68188551 -8.60712722 -8.82155412
 -8.62440984 -8.72938623 -8.69354993 -8.60195261 -8.77769498 -8.8040689
 -8.5918482  -8.57827257 -8.69664494 -8.76243796 -8.55123291 -8.72589335
 -8.60360495 -8.59789388 -8.68082213 -8.58585205 -8.76827837 -8.73589834
 -8.69867605 -8.70668654 -8.6934786  -8.50154381 -8.68073213 -8.6919196
 -8.76177151 -8.83698122 -8.56673091 -8.55149233 -8.70447864 -8.8607058
 -8.79617749 -8.64684916 -8.73283287 -8.52937831 -8.51796375 -8.62497822
 -8.73092415 -8.67947794 -8.73810435 -8.57596834 -8.56704007 -8.64754138
 -8.52959575 -8.74607073 -8.66318384 -8.51114884 -8.68345476 -8.60308886
 -8.63737627 -8.61920949 -8.78499123 -8.71007116 -8.66457835 -8.59958313
 -8.67884086 -8.45536695 -8.64686647 -8.78118791 -8.59716793 -8.58876647
 -8.57000852 -8.67869325 -8.45868589 -8.61822934 -8.54559195 -8.7170265
 -8.70568437 -8.67805773 -8.66137254 -8.59690927 -8.55000274 -8.75195017
 -8.62102706 -8.89503524 -8.75161483 -8.60623855 -8.53555018 -8.7006977
 -8.64280947 -8.70253477 -8.53263545 -8.63490701]
Step 42: Lyapunov vectors: [-8.60821685 -8.54412654 -8.67250544 -8.77230633 -8.72914848 -8.60425447
 -8.77302431 -8.51047442 -8.7037819  -8.63143987 -8.60218526 -8.68602747
 -8.6625086  -8.68162457 -8.73368408 -8.74477952 -8.55349834 -8.67088599
 -8.69174399 -8.42375357 -8.59212035 -8.73211652 -8.62869995 -8.6818904
 -8.66402751 -8.67203779 -8.73574537 -8.69635373 -8.68107205 -8.55655227
 -8.76760501 -8.60949828 -8.64881245 -8.67029362 -8.70271462 -8.44663548
 -8.54550144 -8.71750847 -8.71803614 -8.64532371 -8.63932537 -8.63287065
 -8.59679443 -8.82047021 -8.46359418 -8.75299925 -8.65979517 -8.69009714
 -8.68039868 -8.69432634 -8.73470331 -8.69968852 -8.65945551 -8.71119114
 -8.69472602 -8.78017744 -8.82676034 -8.63398219 -8.48120429 -8.56695441
 -8.58019703 -8.7286316  -8.66549581 -8.51782023 -8.65487993 -8.73277353
 -8.72736287 -8.56004661 -8.52697073 -8.7367688  -8.71848534 -8.65430683
 -8.49204346 -8.65252828 -8.57056234 -8.51180739 -8.70258922 -8.72836295
 -8.49880052 -8.62237836 -8.60512964 -8.79438121 -8.58320701 -8.5816148
 -8.55668334 -8.60684148 -8.61309109 -8.81778256 -8.87782035 -8.54594887
 -8.47221284 -8.75692497 -8.78527356 -8.53835488 -8.75040685 -8.61896805
 -8.62374689 -8.7014635  -8.65411466 -8.52062031]
Step 43: Lyapunov vectors: [-8.65736438 -8.75727505 -8.59244474 -8.77045266 -8.63943335 -8.61771974
 -8.52155102 -8.5157374  -8.61574242 -8.71976258 -8.6444924  -8.65883944
 -8.81703368 -8.76758855 -8.62827555 -8.71135194 -8.79908009 -8.63835155
 -8.66569317 -8.90863273 -8.80011647 -8.72890441 -8.83114693 -8.68915842
 -8.82337926 -8.64641721 -8.46547851 -8.64558655 -8.5504171  -8.70693644
 -8.63362211 -8.7860005  -8.57318703 -8.72295048 -8.76240639 -8.62922428
 -8.61431362 -8.6095037  -8.72290406 -8.61758197 -8.9133897  -8.97543093
 -8.60520161 -8.85362569 -8.72585316 -8.5695265  -8.70013042 -8.76652841
 -8.54397968 -8.58534003 -8.63191342 -8.61829175 -8.67182311 -8.58026471
 -8.73008993 -8.59603032 -8.72179116 -8.71267308 -8.67810039 -8.65591894
 -8.4740631  -8.74277983 -8.68005728 -8.61524226 -8.80257514 -8.63746339
 -8.73722754 -8.57233017 -8.42123396 -8.52589417 -8.57921781 -8.70481918
 -8.71661509 -8.59958089 -8.79894051 -8.53712125 -8.60133022 -8.78832186
 -8.4221698  -8.58389593 -8.69242879 -8.68051135 -8.53113058 -8.65251455
 -8.51784867 -8.58777872 -8.64382786 -8.73208228 -8.60348355 -8.77440029
 -8.70938997 -8.64143119 -8.61683676 -8.75783164 -8.59752616 -8.61670137
 -8.57785263 -8.89584815 -8.71440424 -8.56019319]
Step 44: Lyapunov vectors: [-8.71456864 -8.70902649 -8.67223139 -8.7223111  -8.82516713 -8.60625662
 -8.63517519 -8.66590926 -8.53871869 -8.56888816 -8.68763515 -8.6262595
 -8.67846103 -8.56168591 -8.6449139  -8.59485168 -8.73825558 -8.5908822
 -8.64603225 -8.5877036  -8.59239318 -8.70274337 -8.55822147 -8.69415129
 -8.60998479 -8.72484206 -8.65434901 -8.63715071 -8.74945915 -8.72312772
 -8.55795552 -8.69973492 -8.55547869 -8.52087045 -8.51868101 -8.58805819
 -8.675844   -8.60165587 -8.76320137 -8.61204698 -8.47810862 -8.65094388
 -8.60849184 -8.85259123 -8.76008235 -8.70089012 -8.89726095 -8.55943257
 -8.49655461 -8.51022045 -8.62410889 -8.5953166  -8.46101153 -8.46011364
 -8.51862777 -8.63935173 -8.55519404 -8.59487535 -8.61701292 -8.75461612
 -8.67672258 -8.66049749 -8.60907443 -8.64602903 -8.59148609 -8.68089443
 -8.59956878 -8.77688399 -8.55231739 -8.74433879 -8.79880767 -8.87855168
 -8.71746725 -8.87279146 -8.68389034 -8.59838768 -8.52690584 -8.65964799
 -8.75370554 -8.54936034 -8.69007456 -8.73645027 -8.60092759 -8.67432486
 -8.64876526 -8.60529792 -8.66625774 -8.63361704 -8.65474725 -8.69301596
 -8.61405086 -8.57380863 -8.5805393  -8.59549054 -8.83123047 -8.62786361
 -8.64089077 -8.43791119 -8.45301    -8.59678633]
Step 45: Lyapunov vectors: [-8.72654812 -8.87135897 -8.71376301 -8.60326018 -8.57529591 -8.80305835
 -8.54991903 -8.52420225 -8.73892374 -8.72773753 -8.64501225 -8.61305006
 -8.61676209 -8.60606022 -8.83396717 -8.62079594 -8.74206795 -8.70483874
 -8.7498402  -8.68914839 -8.57683118 -8.97691507 -8.64794464 -8.75861658
 -8.64970841 -8.64640811 -8.82934597 -8.91176532 -8.80471371 -8.55338346
 -8.69297639 -8.80255555 -8.74195983 -8.54088682 -8.70762075 -8.70787274
 -8.66296539 -8.66636921 -8.58558439 -8.53436372 -8.73749296 -8.721962
 -8.72523164 -8.71260122 -8.73824239 -8.53941327 -8.56802466 -8.59244489
 -8.75559462 -8.72343349 -8.73935456 -8.66866622 -8.68156057 -8.70423964
 -8.6663336  -8.72263028 -8.77097232 -8.46582121 -8.82532291 -8.59173504
 -8.64317169 -8.61955559 -8.81556517 -8.76672365 -8.5181932  -8.57856634
 -8.56439293 -8.60090103 -8.57283495 -8.62010573 -8.56449437 -8.61419877
 -8.68192519 -8.61112029 -8.6559367  -8.65748331 -8.60084853 -8.58468873
 -8.64862125 -8.66094541 -8.60628648 -8.6323312  -8.83493039 -8.48894564
 -8.5968585  -8.74416784 -8.66167383 -8.7251647  -8.67676966 -8.63376868
 -8.48874416 -8.8040062  -8.78131915 -8.70033928 -8.79100164 -8.66378226
 -8.65891218 -8.831748   -8.56146291 -8.53776488]
Step 46: Lyapunov vectors: [-8.73475678 -8.58741508 -8.6725943  -8.69320712 -8.59104511 -8.67657743
 -8.69561467 -8.59975593 -8.68014695 -8.53071477 -8.79400102 -8.71902092
 -8.58013554 -8.67505255 -8.77749248 -8.65762524 -8.61133625 -8.64816541
 -8.70583834 -8.63601654 -8.47841704 -8.66112015 -8.67082673 -8.53726075
 -8.68469403 -8.54889573 -8.53620276 -8.59989127 -8.80990726 -8.55666594
 -8.70391642 -8.61541742 -8.56132388 -8.71041792 -8.72184984 -8.58418867
 -8.71948045 -8.73860258 -8.59782274 -8.73603353 -8.74278003 -8.54802382
 -8.7083477  -8.59370804 -8.65487768 -8.75611663 -8.49162573 -8.71823172
 -8.61517163 -8.68432723 -8.83170236 -8.56536427 -8.52938751 -8.82733509
 -8.69303384 -8.72279969 -8.60522335 -8.6805504  -8.54217346 -8.71328104
 -8.65363376 -8.68230902 -8.57813296 -8.49243252 -8.63375171 -8.80565071
 -8.83230295 -8.75468345 -8.5424606  -8.75558899 -8.7320943  -8.6529469
 -8.56137617 -8.68973349 -9.03883011 -8.55661542 -8.64401776 -8.6487213
 -8.67189147 -8.63952197 -8.70920351 -8.70542466 -8.64782378 -8.78422226
 -8.64851954 -8.62088065 -8.48392471 -8.6887388  -8.60655654 -8.69527315
 -8.72375756 -8.56294496 -8.72916514 -8.68133851 -8.62132137 -8.64440339
 -8.55004414 -8.74748625 -8.56913501 -8.61923913]
Step 47: Lyapunov vectors: [-8.72299321 -8.70382505 -8.68380168 -8.52397932 -8.62556659 -8.82932018
 -8.70554521 -8.79552973 -8.53505325 -8.75658451 -8.74574404 -8.52577848
 -8.77361802 -8.58914805 -8.73973998 -8.69706238 -8.63647031 -8.49961674
 -8.74947892 -8.69659989 -8.6452721  -8.67575399 -8.78450251 -8.81479241
 -8.71502118 -8.49921486 -8.80990703 -8.61667014 -8.75171694 -8.63630008
 -8.70981766 -8.55119669 -8.5669234  -8.66947291 -8.57167046 -8.57387909
 -8.71769164 -8.63659199 -8.66448495 -8.52736477 -8.73678025 -8.61827031
 -8.55451918 -8.56305634 -8.87213376 -8.75571087 -8.55287078 -8.6906626
 -8.66143093 -8.66926932 -8.66762238 -8.6973575  -8.60080927 -8.51230609
 -8.76344493 -8.82570014 -8.59783571 -8.59948513 -8.65093253 -8.80719627
 -8.56427535 -8.50655236 -8.6290335  -8.82232919 -8.76866366 -8.67396134
 -8.56673315 -8.64606114 -8.58470665 -8.6204879  -8.44553692 -8.68212137
 -8.45853072 -8.54286189 -8.78348606 -8.74665218 -8.74023174 -8.46968606
 -8.65018395 -8.58448124 -8.81214563 -8.63780141 -8.716908   -8.56667242
 -8.43710129 -8.69246078 -8.70450073 -8.86249429 -8.53712851 -8.85705193
 -8.68082933 -8.55000125 -8.74881627 -8.51690843 -8.77899135 -8.65585905
 -8.81056247 -8.54508136 -8.70217612 -8.85076913]
Step 48: Lyapunov vectors: [-8.64550809 -8.67155943 -8.74505735 -8.68552056 -8.45619506 -8.60916479
 -8.87155246 -8.64774275 -8.67599425 -8.73900489 -8.71856259 -8.68159361
 -8.69484326 -8.55847277 -8.63575004 -8.52654873 -8.69436595 -8.62957157
 -8.70941194 -8.65067381 -8.71082358 -8.58615768 -8.68384696 -8.70638045
 -8.63352313 -8.72041877 -8.55821405 -8.61708047 -8.58195325 -8.51235979
 -8.70790822 -8.71191533 -8.80285475 -8.79949639 -8.63970036 -8.6997082
 -8.59313077 -8.54928643 -8.69736931 -8.65164818 -8.71829227 -8.69324723
 -8.56573932 -8.46324673 -8.56191581 -8.63974881 -8.65806353 -8.86760879
 -8.72646658 -8.40486056 -8.57183066 -8.74162769 -8.89392485 -8.60175222
 -8.8552384  -8.69956876 -8.75995533 -8.54703987 -8.60995672 -8.59080322
 -8.41970198 -8.75417956 -8.60514057 -8.67666397 -8.59183333 -8.93430691
 -8.59866981 -8.82449721 -8.76888454 -8.66549099 -8.62047387 -8.78994669
 -8.6752906  -8.6273582  -8.83628128 -8.82521609 -8.69738464 -8.91773688
 -8.55879939 -8.62305016 -8.79091307 -8.70698555 -8.71805436 -8.77603917
 -8.65132657 -8.65918464 -8.66389126 -8.79892398 -8.70687198 -8.63816367
 -8.53985882 -8.59412127 -8.61604051 -8.61282236 -8.61779532 -8.68817909
 -8.7317836  -8.75664356 -8.64309198 -8.73434801]
Step 49: Lyapunov vectors: [-8.69731507 -8.65684712 -8.60359567 -8.57818656 -8.59641282 -8.61907165
 -8.76011569 -8.73341508 -8.59710242 -8.76250722 -8.60941976 -8.87941025
 -8.67867793 -8.71490588 -8.63167256 -8.75276408 -8.74485509 -8.68276758
 -8.56178261 -8.70711001 -8.45239558 -8.76898759 -8.64761947 -8.69164228
 -8.7098056  -8.57926994 -8.79705386 -8.52791848 -8.56833167 -8.62873486
 -8.53961566 -8.65188798 -8.42842392 -8.47981641 -8.63763703 -8.47121752
 -8.59328529 -8.90386589 -8.72964144 -8.78218475 -8.63011097 -8.60683618
 -8.55338127 -8.64706352 -8.41178655 -8.59719295 -8.53703304 -8.66735784
 -8.70857124 -8.72285542 -8.66323396 -8.75811518 -8.63269467 -8.60514875
 -8.71353934 -8.71136818 -8.66391236 -8.65378427 -8.73044869 -8.56521751
 -8.72987118 -8.53273056 -8.52471876 -8.51704057 -8.70508142 -8.68816244
 -8.59499197 -8.59076415 -8.54770047 -8.73667631 -8.55580846 -8.62021211
 -8.66542223 -8.63549894 -8.74373568 -8.63283954 -8.538313   -8.76334707
 -8.45463393 -8.71473258 -8.78127722 -8.59874985 -8.61605237 -8.572365
 -8.48778356 -8.67680949 -8.57839354 -8.72759506 -8.62161423 -8.61050355
 -8.70336123 -8.91064611 -8.74234021 -8.62932879 -8.63700067 -8.58086566
 -8.74421933 -8.45968353 -8.65138352 -8.69328404]
Step 50: Lyapunov vectors: [-8.60990235 -8.50063809 -8.577161   -8.69959672 -8.69511175 -8.62775648
 -8.66868056 -8.60378939 -8.72044167 -8.91389489 -8.65276379 -8.65792078
 -8.55983798 -8.96051489 -8.59901763 -8.48259306 -8.54339534 -8.56829792
 -8.43604924 -8.57086941 -8.95360633 -8.55738323 -8.78867123 -8.61993021
 -8.69842294 -8.61416877 -8.60844109 -8.62503658 -8.68382024 -8.56252266
 -8.68462376 -8.66527014 -8.55626066 -8.53423963 -8.55317189 -8.64743649
 -8.72048706 -8.68323154 -8.7553666  -8.80005491 -8.55803015 -8.94714519
 -8.76765889 -8.66863664 -8.62544422 -8.67590769 -8.72016599 -8.75193885
 -8.63071717 -8.48938499 -8.60469035 -8.84844795 -8.77940502 -8.79664028
 -8.9405391  -8.83172693 -8.68862804 -8.74531662 -8.74700454 -8.65537248
 -8.49656532 -8.52342454 -8.92205632 -8.5378778  -8.63643922 -8.60097033
 -8.55205332 -8.71905075 -8.61269559 -8.71530089 -8.74298423 -8.64700381
 -8.73598381 -8.65691216 -8.75846888 -8.62940023 -8.5977077  -8.60707254
 -8.60164434 -8.41728099 -8.79232491 -8.7115294  -8.82084758 -8.73782731
 -8.55406546 -8.70784371 -8.65251094 -8.58849488 -8.64637641 -8.77183182
 -8.79793474 -8.49579676 -8.51570711 -8.70084398 -8.64058638 -8.61609332
 -8.58151998 -8.91954537 -8.73662091 -8.61673867]
