1.352240041071828 -0.6243323481037973 -0.9348145004064474
1.158205149838881 -0.5453796359364254 -0.7337540687750035
0.8638540767058266 -0.3808258302193596 -0.5909269268525311
0.6629560472147185 -0.2882470935287906 -0.45785968801855975
0.532188527323634 -0.23091961417859624 -0.3679534420807115
0.44370671786548027 -0.1924736466860668 -0.3068104228722914
0.38034268888062195 -0.16498105471575536 -0.2630027206572604
0.3328025347997698 -0.14435885420698724 -0.23013002913831146
0.2958247980775288 -0.12831903339411851 -0.20456034465509373
0.2662423575656605 -0.11548713637494305 -0.18410434899260894
0.24203851171253143 -0.1049883065729973 -0.16736759476728905
0.2218686363362636 -0.0962392811217116 -0.1534202957956126
0.20480181823147983 -0.08883625950901436 -0.14161873465456132
0.1901731169386489 -0.08249081240274135 -0.13150311075996826
0.17749490914393007 -0.0769914249094161 -0.12273623671048278
0.1664014773225867 -0.07217946085260162 -0.11506522191623013
0.15661315512716079 -0.06793361021421608 -0.1082966794505912
0.1479124242867663 -0.06415952075787101 -0.10228019725889624
0.14012755985062175 -0.06078270387587779 -0.09689702898211427
0.13312118185809124 -0.057743568682083746 -0.09205217753300997
0.12678207796008736 -0.05499387493531781 -0.0876687405076297
0.1210192562346293 -0.052494153347348756 -0.08368379775728386
0.1157575494418196 -0.050211798853985676 -0.08004537176783748
0.11093431821507739 -0.04811964056840285 -0.0767101479441783
0.10649694548647456 -0.04619485494566674 -0.07364174202641167
0.1024009091216104 -0.044418129755448746 -0.07080936733308872
0.09860828285784712 -0.04277301383858023 -0.06818679817260413
0.09508655847006686 -0.04124540620148808 -0.06575155538072541
0.09180771162627145 -0.03982315081522987 -0.06348426036759695
0.0887474545720624 -0.038495712454722206 -0.06136811835534372
0.08588463345683459 -0.03725391527876343 -0.059388501634203596
0.0832007386613085 -0.03608973042630207 -0.057532610958134736
0.08067950415642036 -0.03499610223156564 -0.055789198504857924
0.07830657756358447 -0.03396680510710783 -0.05414833972530328
0.07606924677605349 -0.03299632496119046 -0.05260124430458033
0.07395621214338534 -0.032079760378935174 -0.051140098629453096
0.07195739559896952 -0.031212739828153143 -0.049757933801630044
0.07006377992531243 -0.030391351937938585 -0.04844851449106083
0.06826727274774032 -0.02961208650363247 -0.047206244888725934
0.0665605909290468 -0.028871784341041658 -0.04602608876650779
0.06493716188199689 -0.02816759447906503 -0.04490350123561736
0.06339103898004457 -0.02749693746765872 -0.043834370253816944
0.06191682877120633 -0.026857473805620147 -0.04281496629442585
0.06050962811731528 -0.026247076673674232 -0.041841898878643445
0.05916496971470827 -0.02566380830314814 -0.04091207890356248
0.05787877472091026 -0.025105899426992744 -0.040022685883919815
0.056647311428976006 -0.024571731354078006 -0.03917113937575131
0.055467159107539 -0.02405982028420138 -0.03835507397208982
0.05433517626860963 -0.023568803543707474 -0.03757231736041452
0.05324847274323744 -0.023097427472833325 -0.03682087101320623
0.052204385042389646 -0.022644536738071888 -0.036098893150202184
0.051200454560805235 -0.022209064877724352 -0.03540468366654445
0.05023440824833721 -0.021790025917767287 -0.03473667076717569
0.04930414142892356 -0.021386506919290116 -0.034093399086302066
0.04840770249385222 -0.020997661338939388 -0.03347351910291475
0.04754327923503343 -0.02062270310074404 -0.032875777690362706
0.04670918661687495 -0.020260901291959055 -0.03229900966070722
0.045903855813135726 -0.019911575407614936 -0.03174213018379848
0.0451258243586758 -0.01957409107867231 -0.031204127977293415
0.0443737272860312 -0.019247856227361103 -0.03068405917767186
0.04364628913380118 -0.018932317600683052 -0.030181041814103467
0.04294231672841729 -0.018626957639381714 -0.029694250817101798
0.04226069265336305 -0.018331291645105812 -0.029222913502544627
0.04160036933065425 -0.018044865213151035 -0.028766305479067368
0.04096036364864419 -0.01776725190217948 -0.028323746933235562
0.04033975207821018 -0.01749805111578282 -0.027894599252428962
0.0397376662262966 -0.017236886173756214 -0.027478261950153904
0.039153288781792236 -0.016983402553553916 -0.02707416986265164
0.03858584981394018 -0.01673726628466183 -0.02668179058927988
0.038034623388026746 -0.01649816248059523 -0.026300622152290166
0.03749892446706862 -0.016265793994953044 -0.025930190854370587
0.03697810607169267 -0.016039880189467587 -0.025570049314726548
0.036471556673450305 -0.015820155803310497 -0.02521977466657961
0.03597869779948476 -0.015606369914076572 -0.024878966900815022
0.03549898182882496 -0.015398284981888883 -0.024547247342137486
0.035031889962656215 -0.015195675968969292 -0.024224257245530414
0.034576930352751584 -0.014998329527813848 -0.023909656502081968
0.03413363637387016 -0.014806043251816234 -0.023603122444362967
0.03370156502736547 -0.014618624982805901 -0.023304348742535588
0.0332802954645234 -0.014435892170520829 -0.023013044383253894
0.032869427619282375 -0.014257671279526743 -0.022728932724201376
0.03246858094099844 -0.014083797239532516 -0.02245175061780868
0.03207739321881774 -0.013914112935441762 -0.022181247598317008
0.031695519490022285 -0.01374846873382936 -0.021917185126908472
0.03132263102543379 -0.013586722042843133 -0.021659335890121312
0.030958414385603164 -0.013428736902810073 -0.021407483147212924
0.030602570542090483 -0.013274383605076623 -0.021161420122532318
0.03025481405865764 -0.013123538336837116 -0.020920949439321723
0.029914872327661483 -0.012976082849906362 -0.020685882591688895
0.029582484857354135 -0.01283190415157407 -0.02045603945178124
0.029257402606174418 -0.012690894215842486 -0.020231247809453973
0.02893938736045513 -0.012552949713496372 -0.020011342941959907
0.028628211152278194 -0.01241797175958781 -0.0197961672114012
0.028323655714488003 -0.012285865677039003 -0.019585569687875656
0.02802551197012497 -0.012156540775175435 -0.01937940579642433
0.0277335795537695 -0.01202991014210069 -0.01917753698604491
0.027447666362493527 -0.011905890449914086 -0.01897983041917847
0.027167588134304817 -0.011784401771853737 -0.01878615868020726
0.026893168052140124 -0.011665367410521882 -0.018596399501619308
0.02662423637161872 -0.011548713736416662 -0.018410435506603116
0.026360630070909625 -0.011434370036056102 -0.018228153966933777
0.026102192521194823 -0.011322268369035944 -0.018049446575101092
0.025848773176328856 -0.011212343433414235 -0.017874209229711762
0.025600227280402617 -0.011104532438862176 -0.017702341833272225
0.02535641559201783 -0.010998774987063488 -0.01753374810152678
0.025117204124168607 -0.010895012958883643 -0.017368335383587844
0.024882463898709087 -0.010793190407866039 -0.017206014492152446
0.02465207071446178 -0.010693253459645058 -0.017046699543151033
0.02442590492809057 -0.010595150216896021 -0.016890307804223043
0.02420385124692611 -0.010498830669469694 -0.016736759551457377
0.02398579853298984 -0.01040424660938438 -0.01658597793387668
0.023771639617516716 -0.01031135155037202 -0.016437888845181353
0.023561271125326303 -0.010220100651696162 -0.016292420802303642
0.023354593308437473 -0.010130450645979528 -0.01614950483035361
0.023151509888364105 -0.010042359770797099 -0.016009074353567927
0.022951927906567863 -0.009955787703807468 -0.01587106509189924
0.022755757582580104 -0.009870695501210823 -0.015735414962908645
0.0225629121793379 -0.009787045539336155 -0.015602063988646707
0.02237330787530985 -0.009704801459173667 -0.015470954207229508
0.0221868636430156 -0.009623928113680551 -0.01534202958883593
0.022003501133569192 -0.009544391517699721 -0.015215235955870344
0.02182314456690059 -0.009466158800341526 -0.015090520907051734
0.021645720627332294 -0.009389198159688344 -0.014967833745205786
0.021471158364208646 -0.009313478819690857 -0.014847125408550899
0.021299389097294976 -0.00923897098913333 -0.014728348405282492
0.021130346326681523 -0.009165645822552906 -0.014611456751272314
0.020963965646943875 -0.009093475383005246 -0.014496405910711115
0.020800184665327126 -0.009022432606575518 -0.014383152739533684
0.020638942923735443 -0.008952491268540048 -0.014271655431475284
0.020480181824322093 -0.00888362595108974 -0.014161873466617781
0.020323844558487573 -0.008815812012531803 -0.014053767562292454
0.02016987603910509 -0.00874902555789141 -0.013947299626214481
0.02001822283580355 -0.008683243410839595 -0.013842432711731667
0.0198688331131483 -0.008618443086878107 -0.013739130975076952
0.019721656571569424 -0.008554602767716047 -0.013637359634520826
0.019576644390896118 -0.008491701276776958 -0.01353708493132582
0.01943374917636403 -0.008429718055778586 -0.013438274092411034
0.01929292490697009 -0.008368633142330915 -0.01334089529463994
0.019154126886056635 -0.008308427148501196 -0.013244917630649724
0.019017311694013373 -0.008249081240297615 -0.013150311076145083
0.018882437142992002 -0.008190577118026001 -0.01305704645858377
0.01874946223353431 -0.008132896997476522 -0.012965095427185293
0.018618347113020083 -0.008076023591899763 -0.012874430424197983
0.018489053035846335 -0.008019940094733793 -0.012785024657363274
0.01836154232525429 -0.007964630163045975 -0.01269685207351939
0.018235778336725152 -0.007910077901655248 -0.012609887333289806
0.01811172542286988 -0.007856267847902491 -0.01252410578680484
0.01798934889974238 -0.007803184957038286 -0.012439483450407511
0.01786861501450921 -0.007750814588199102 -0.012355996984297393
0.01774949091441248 -0.007699142490944441 -0.012273623671068743
0.01763194461696604 -0.007648154792328916 -0.012192341395101402
0.017515944981328108 -0.007597837984484646 -0.012112128622765207
0.01740146168079655 -0.007548178912690629 -0.01203296438340073
0.017288465176375792 -0.007499164763906924 -0.011954828251040984
0.017176926691366917 -0.007450783055752685 -0.01187770032684072
0.01706681818693508 -0.007403021625908117 -0.011801561222181484
0.01695811233861065 -0.007355868621921441 -0.011726392042422366
0.016850782513682733 -0.0073093124914029505 -0.011652174371267794
0.016744802749445738 -0.007263341972589096 -0.01157889025572523
0.0166401477322617 -0.0072179460852604144 -0.011506522191626947
0.016536792777402932 -0.007173114121997927 -0.011435053109691376
0.016434713809641188 -0.007128835639763372 -0.011364466362100688
0.01633388734455136 -0.007085100451789363 -0.011294745709572463
0.01623429047049922 -0.007041898619766258 -0.01122587530890434
0.016135900831284074 -0.006999220446313128 -0.011157839700971586
0.01603869660940887 -0.006957056467720881 -0.011090623799158504
0.01594265650995133 -0.006915397446956085 -0.011024212878205458
0.015847759745011143 -0.00687423436691468 -0.010958592563454236
0.015753986018709303 -0.006833558423915185 -0.010893748820475216
0.015661315512716895 -0.006793361021421566 -0.010829667945060656
0.01556972887229165 -0.006753633763986353 -0.010766336553569074
0.015479207192801582 -0.006714368451405037 -0.010703741573606462
0.015389732006716023 -0.006675557073073215 -0.010641870235030703
0.015301285271045241 -0.006637191802538312 -0.010580710061266159
0.015213849355210697 -0.0065992649922380926 -0.010520248860916065
0.01512740702932882 -0.006561769168418558 -0.010460474719660861
0.015041941452891934 -0.006524697026224103 -0.010401375992431138
0.014957436163830742 -0.006488041424953181 -0.010342941295844447
0.01487387506794342 -0.006451795383472996 -0.010285159500895596
0.014791242428677067 -0.006415952075787035 -0.01022801972589062
0.014709522857247912 -0.006380504826749537 -0.01017151132961498
0.014628701303087209 -0.006345447107921243 -0.010115623904726987
0.014548763044600394 -0.0063107725335610175 -0.010060347271367823
0.014469693680227566 -0.006276474856748186 -0.010005671470979954
0.014391479119793903 -0.006242547965630629 -0.009951586760326009
0.014314105576139097 -0.006208985879793905 -0.0098980836057006
0.01423755955701536 -0.006175782746746878 -0.009845152677327869
0.014161827857244002 -0.0061429328385195015 -0.009792784843937828
0.014086897551121016 -0.006110430548368605 -0.009740971167514876
0.014012755985062485 -0.006078270387587717 -0.009689702898212166
0.013939390770481007 -0.0060464469824171 -0.009638971469425715
0.01386678977688475 -0.006014955071050345 -0.009588768493022455
0.013794941125191047 -0.005983789500734022 -0.00953908575471664
0.013723833181246764 -0.005952945224957043 -0.009489915209589235
0.013653454549548062 -0.005922417300726493 -0.009441248977745188
0.013583794067152408 -0.0058922008859268685 -0.00939307934010363
0.013514840797776 -0.005862291236759727 -0.009345398734316302
0.013446584026070062 -0.005832683705260941 -0.009298199750809654
0.01337901325206971 -0.005803373736892796 -0.00925147512894629
0.01331211818580936 -0.005774356868208331 -0.009205217753301558
0.013245888742098866 -0.005745628724585404 -0.0091594206500513
0.013180315035454812 -0.005717185018028051 -0.009114076983466888
0.013115387375181637 -0.005689021545032839 -0.00906918005251385
0.013051096260597412 -0.005661134184517972 -0.009024723287550546
0.012987432376399377 -0.005633518895813006 -0.00898070024712347
0.012924386588164428 -0.005606171716707117 -0.008937104614855881
0.01286194993798006 -0.0055790887615539434 -0.008893930196426626
0.012800113640201309 -0.005552266219431088 -0.008851170916636113
0.012738869077329532 -0.00552570035235247 -0.008808820816556515
0.012678207796008915 -0.005499387493531744 -0.00876687405076339
0.012618121503136836 -0.0054733240456951 -0.008725324884646026
0.012558602062084303 -0.005447506479441822 -0.008684167691793922
0.012499641489022873 -0.005421931331651015 -0.008643396951456862
0.012441231949354543 -0.0053965952039330195 -0.008603007246076223
0.012383365754241265 -0.005371494761124029 -0.00856299325888517
0.01232603535723089 -0.005346626729822529 -0.008523349771575517
0.012269233350976369 -0.005321987896966204 -0.008484071662029085
0.012212952464045286 -0.005297575108448011 -0.008445153902111521
0.012157185557816768 -0.005273385267770166 -0.008406591555526536
0.012101925623463055 -0.005249415334734847 -0.008368379775728688
0.012047165779012997 -0.005225662324170435 -0.008330513803892813
0.01199289926649492 -0.00520212330469219 -0.00829298896693834
0.011939119449156377 -0.0051787953974962615 -0.008255800675606778
0.011885819808758358 -0.00515567577518601 -0.008218944422590677
0.011832993942941654 -0.005132761660629628 -0.008182415780712497
0.011780635562663152 -0.005110050325848081 -0.008146210401151821
0.011728738489699877 -0.00508753909093245 -0.008110324011719435
0.011677296654218737 -0.005065225322989764 -0.008074752415176805
0.011626304092409922 -0.005043106435116447 -0.008039491487599615
0.011575754944182053 -0.005021179885398549 -0.008004537176783963
0.011525643450917195 -0.004999443175937949 -0.00796988550069399
0.011475963953283931 -0.004977893851903734 -0.00793553254594962
0.011426710889106748 -0.004956529500608009 -0.007901474466353269
0.011377878791290052 -0.004935347750605412 -0.007867707481454322
0.0113294622857952 -0.004914346270815601 -0.007834227875150262
0.01128145608966895 -0.0048935227696680775 -0.007801031994323354
0.011233855009121824 -0.004872874994268634 -0.007768116247511863
0.011186653937654925 -0.004852400729586833 -0.007735477103614754
0.011139847854233775 -0.0048320977976638755 -0.007703111090628919
0.0110934318215078 -0.004811964056840276 -0.007671014794417965
0.011047400984074158 -0.004791997401002765 -0.007639184857511666
0.011001750566784596 -0.0047721957588498605 -0.007607617977935172
0.010956475873094123 -0.004752557093175581 -0.007576310908067126
0.010911572283450296 -0.004733079400170763 -0.007545260453525867
0.010867035253721928 -0.004713760708741495 -0.007514463472082904
0.010822860313666147 -0.004694599079844172 -0.007483916872602893
0.01077904306543268 -0.004675592605836706 -0.007453617614009358
0.010735579182104323 -0.0046567394098454284 -0.0074235627042754495
0.010692464406272579 -0.004638037645147254 -0.0073937491994390024
0.010649694548647488 -0.004619485494566665 -0.007364174202641246
0.010607265486700686 -0.0046010811698871164 -0.007334834863188492
0.010565173163340762 -0.004582822911276453 -0.007305728375636157
0.010523413585620048 -0.004564708986725953 -0.007276851978894512
0.010481982823471937 -0.004546737691502623 -0.007248202955355557
0.01044087700847793 -0.004528907347614378 -0.007219778630040438
0.010400092332663563 -0.004511216303287759 -0.007191576369766842
0.01035962504732246 -0.004493662932457845 -0.007163593582335843
0.010319471461867721 -0.004476245634270024 -0.007135827715737642
0.01027962794270993 -0.004458962832593306 -0.00710827625737572
0.010240090912161047 -0.00444181297554487 -0.0070809367333088905
0.010200856847363495 -0.004424794535025541 -0.007053806707510772
0.010161922279243786 -0.0044079060062659015 -0.007026883781146227
0.010123283791490007 -0.004391145907382762 -0.007000165591864302
0.010084938019552545 -0.004374512778945705 -0.0069736498131072406
0.010046881649667442 -0.004358005183553458 -0.006947334153435138
0.010009111417901775 -0.004341621705419798 -0.006921216355865833
0.009971624109220496 -0.004325360949968787 -0.006895294197229632
0.00993441655657415 -0.0043092215434390535 -0.006869565487538476
0.00989748564000696 -0.004293202132496901 -0.006844028069369188
0.009860828285784712 -0.004277301383858023 -0.006818679817260413
0.009824441465541964 -0.004261517983917587 -0.0067935186371229205
0.009788322195448059 -0.004245850638388479 -0.00676854246566291
0.009752467535391473 -0.004230298071947495 -0.006743749269817991
0.009716874588182016 -0.004214859027889293 -0.006719137046205517
0.009681540498770444 -0.0041995322677878776 -0.006694703820582951
0.009646462453485044 -0.004184316571165457 -0.00667044764731997
0.009611637679284737 -0.00416921073516847 -0.006646366608881992
0.009577063443028317 -0.004154213574250598 -0.006622458815324862
0.009542737050759397 -0.004139323919862603 -0.0065987224038004
0.009508655847006687 -0.004124540620148808 -0.0065751555380725414
0.00947481721409919 -0.004109862539650058 -0.006551756408043814
0.009441218571496001 -0.004095288559013001 -0.006528523229291885
0.00940785737513029 -0.0040808175747055345 -0.006505454242615942
0.009374731116767156 -0.004066448498738261 -0.006482547713592647
0.00934183732337499 -0.004052180258391811 -0.006459801932141444
0.009309173556510042 -0.004038011795949882 -0.006437215212098992
0.00927673741171384 -0.004023942068437861 -0.00641478589080248
0.009244526517923167 -0.004009970047366897 -0.006392512328681637
0.00921253853689229 -0.003996094718483274 -0.006370392908859209
0.009180771162627145 -0.003982315081522987 -0.006348426036759695
0.009149222120831175 -0.003968630149971362 -0.006326610139726157
0.009117889168362576 -0.003955038950827624 -0.006304943666644903
0.009086770092702635 -0.003941540524374287 -0.006283425087577855
0.00905586271143494 -0.003928133923951246 -0.00626205289340242
0.00902516487173516 -0.003914818215734462 -0.006240825595458683
0.00899467444987119 -0.003901592478519143 -0.0062197417252037555
0.008964389350713375 -0.003888455803507294 -0.006198799833873103
0.008934307507254605 -0.003875407294099551 -0.0061779984921486964
0.00890442688014004 -0.0038624460656911915 -0.006157336289833818
