-1.3030532865330194e-06 -1.6785363729268327e-06 1.1577369207931225e-06
5.646374372472567e-06 2.6577152000379116e-06 -5.870979063624345e-06
1.2673345066382623e-06 -2.3168154901831068e-07 1.0688078424860388e-06

-0.06077445447602549 -0.4667708072601024 0.14172728491926487
-0.1812674803388449 -0.3085014066941461 -0.2970927820860203
0.00011835461253887158 -0.0004058236553922436 -0.0006307480235656703

-0.005081061296273248 0.09933015010754265 0.12444528078314487
-0.05410702240769778 0.3131504906337447 -0.04888409418010371
-0.005579982839697286 0.005682027608361859 -0.0021376800640374332

0.002133516114885999 0.020426244918834862 0.06884159234563345
0.01893244062997922 0.2511305196090055 0.0581026713633471
-1.1585929006391235e-06 2.1600668924634783e-06 3.1254461512108306e-08

0.07602928109316161 0.4717512610694338 0.6029666652300285
0.009130765397219414 0.22640782691948622 -0.03391309858820931
-0.002939374795642298 0.004644234326384876 -0.0014583089826763018

-0.1493922430547802 0.03380101842060939 0.2271015955724996
-1.4839257369397016 0.4322738651801311 -0.11714625853418122
-0.00044015532755596934 -0.00013438241071902078 -0.00012636510983267412

0.08160598904662958 0.48936164172846536 0.5901802111379474
0.041749463790687114 0.7946178770785822 -0.1430399139460306
-0.09938018022241177 0.1597107051787659 -0.05500524194345651

0.11319434283156905 -0.20104083042137744 0.3604269345411472
-0.45363103357481116 -0.04752539903240824 0.5227824936666979
-0.17427983219225865 -0.08815728065544984 0.06648957410509038

-0.00747853665851918 -0.4160886538953003 0.2933609581389648
-0.06317826816433472 -0.12960447027524105 -0.05358681039235417
0.07751597731787696 -0.6098639482092345 -0.5164236290801443

0.2740666043970316 -0.29201090842391597 0.09666627200094041
-0.02812133002785405 -0.14915717433998096 0.2565267419152305
-0.020153209330752007 -0.02591900152751379 0.019111671196796638

-0.3371340271956199 -0.06337787394616508 0.5010482154941964
-1.5441783492947703 0.10475480894214256 -0.09756960006041418
-0.2154306439549573 -0.11396847383714852 -0.08187072898088597

-0.05854065584216018 0.8222415143822875 -0.06561252714107912
-0.0562328580562516 0.5808526814747745 -1.2484408930134827
-0.1663149045073561 0.043323838517615426 -0.24383767614974833

-0.6725650679683151 -0.026767696758034292 -0.42983713248937194
-0.1596157716719257 -0.907242741989737 -0.8339776310332652
-0.017703045465569243 -0.1010476272407886 -0.013845614413407623

-0.35652559538511813 0.1366241574687186 0.5022998831045761
-1.2707700787973524 0.5411684362062149 -0.18472130775636306
-0.007491144777723134 -0.001429071856308872 -0.002427967651730375

-0.0035946272628431812 0.5214212192627189 0.3523551059124043
-0.10398710008040374 0.782294026715844 -0.3844133837256158
-0.08433160024412127 0.0805247412815138 -0.06146714772126116

-0.1843572746071034 -0.007017006646995439 0.45001141585874854
0.08525715946934392 0.35084807066651713 0.28637643640632093
-0.025416693498853674 0.12944734727377818 0.027849395464029127

-0.14153264947475863 -0.0775268492889792 0.11842472196435688
-1.161729831968298 -0.16965300164497094 -0.4499337622637395
-0.9605975625518388 -0.8974565090005708 -1.0327486644321977

-0.3073470107536538 0.5217666391227235 -0.39745280407886646
0.02269832399006841 -8.836312474489682e-05 -0.18900790373728976
-0.19218102239730694 -0.3593884548584904 -0.684162052131717

-0.02402357960917434 0.00897026879607273 -0.0025679186804471094
-1.122764758604506 -0.9530787947283449 -0.1787224096786691
-7.749579009814025e-05 -9.368973174717204e-05 5.9650333349814535e-05

0.029065187027890623 0.11368424083082265 0.1476867330063574
0.16294304669937654 1.2353297915288548 -0.18811436550802932
-0.019118881474397477 0.03730361391017848 -0.01117145569333955

0.09059945350916966 -0.21395426526816338 0.5643773431554001
-0.033158782543621396 0.5095771799291154 0.6327793125582192
-0.7584745085866018 0.7155670750768552 0.7363925245049616

0.4624925457574948 0.2443121866826267 0.40709668233117013
-0.36957813228096625 0.517454543390382 1.2045830937096802
-0.24183548998940488 -0.14733584921521126 0.6504492872595842

-0.18803742566908357 0.05389294308897561 0.7773549989066121
-0.6984876949781289 -0.3354948601120188 0.27262975148749075
-0.36088978491207735 -0.6387899450414242 0.14900515846585619

-0.14662266200699495 0.2034934638894732 -0.34380574848791146
-0.01655463967506633 -0.2584290087962067 -0.47851355566796977
-0.2931704482420128 -0.4625028348084222 -0.3485696324056029

-0.2690067904272416 0.07645095755963206 0.0237269219427345
-0.4421752391047524 1.329826051462147 -0.5349482080502936
-0.0005469909944714444 0.0016512451485591873 -0.002517970587539102

-0.14065425229857015 0.4955370925180381 0.6475296945771595
-0.373340945542835 0.8984792729876642 -0.1476406475562329
-0.07875287578244337 0.05072196248596591 -0.025100468899870332

-0.14252724156056584 -0.06674228398204245 0.6747450480861009
-0.053471019151012426 0.2553003131702383 0.1725633022494777
-0.05243479345863209 0.06121100026719929 0.01596371469828513

-0.33094774055384624 0.11560587765297871 0.2870056657745407
-0.39775584973102995 0.2872266986501547 -0.16963949084326424
-1.038044231717954 0.01728167933125207 -0.7100855950039813

-0.1537415421941267 0.05859192578159002 -0.09269216631539581
-0.01676189141876507 -0.03541559385232942 -0.1762103952830528
-0.0032924122987770853 -0.014443508258289542 -0.013996207406391901

-0.3172710543284991 -0.0289144131136359 0.42771957532293936
-1.1236595030964933 0.35289812985386115 -0.08257953314913845
-0.003243762235814228 -0.000743862150585935 -0.001343376605971832

-0.0024553077230898947 0.34694871162072227 0.42398954290343877
-0.02394769672105362 0.19453515841126365 -0.0325350916153364
-0.4055719801701601 0.45369772563529576 -0.17049627837144304

-0.22955404376501964 -0.13101457243868656 -0.13388146171254375
0.23172405274092348 -1.2392960965523585 -0.8408614348812828
0.11565474423402168 -0.4945108157855361 0.006057874357088635

-0.1844772904545508 -0.36455447553748943 0.6203312564718871
-0.4898698846009073 -0.3687267525085066 0.00021220721912506793
-0.47864350843864906 -1.0913579303596477 -0.4085119580961929

-0.3877185395191468 0.5063886851977201 -0.2410716059857553
-0.017733650939248412 0.057129113687548805 -0.3567904745207747
-0.019676614122635487 -0.019717681056703743 -0.05009196076412287

-0.36872715025211583 0.41999898311492895 0.171888516505826
-1.0431625537980138 -0.04672118129465531 -0.29885355426572513
-0.00114395363501469 -0.0006175718171666488 0.00016367071129211268

-0.03572579651394565 0.5115434763177273 0.6463668773959246
-0.040384931903720146 0.2134245592799509 -0.03266698391614586
-0.0025107348268388436 0.00247983317438444 -0.0009417339152114954

-0.02037071621782724 0.032504062477167125 0.053732342985342754
-0.8206204426312216 1.3122948877332925 -0.1607148593967147
-0.011544774277176924 0.005191232892354425 -0.003503282533252022

0.0887229108493863 0.49544306132411137 -0.37721057117661144
0.01601757381357254 -0.017906059561408488 -0.1227730789840385
-0.10595924975895306 -0.06258247800407937 -0.2069956609804489

0.056890750266569534 0.23793180039189665 0.006890457433056724
-0.07174425822682662 0.06809300976457335 -0.011726869462323174
-0.18718618031331163 0.10184984075740741 0.09700396303338155

0.09820251949083494 -0.14507336982122812 0.1044452185189461
-0.430581383524758 -0.8293652188692272 0.1686428468588307
-0.16156611908267704 -0.42760737558137957 -0.19974168775929135

-0.0026187356515652714 -0.22960036214041288 0.1566072138034142
-0.611789058764502 -1.3119980203710553 -0.5700750331610761
0.005634932358646443 -0.03620523415412429 -0.03162146280524436

0.09943237274550995 0.43551158704434456 0.36881383149263475
0.11467528634588532 0.7323985541688104 -0.2808318030051735
-0.6619934222097796 1.2271314264391102 -0.6667821453869414

0.31837730976591766 -0.1602909745644503 0.2794292214334812
-0.04660861993534143 -0.06366819681058034 0.15784673830538992
-0.007109308232676464 -0.01181770157042214 0.007686398634526063

-0.3953416729577825 -0.039673475168876496 0.5250300843965221
-0.20804039439204763 0.006117213368989521 -0.02626298011520492
-1.1553689712808681 -0.7097363961478836 -0.47541984731289344

-0.34053368309387205 -0.03615502185455252 -0.16761486079905916
-0.1473390521540459 -0.7332888849781759 -0.6721359855281079
-0.00011314595824300415 -0.001038654590592572 -0.00014268459897107995

-0.38032061354342184 0.30641947041716355 0.6143547790258116
-0.16288268210888546 0.1023702547702283 -0.029132896293721785
-0.002324118090830873 -0.00010145345813413845 -0.0006229375162377883

-0.0255060087909558 0.01731437254197688 0.04191852666752202
-1.0264269279465659 0.6521320822058244 -0.14325335947551632
-1.136087394723654 -0.03185581708448142 -0.31406469586134267

-0.2864519959380079 0.38078645459003474 -0.3624049981308467
0.1965472454948956 -0.00949382776379231 -0.9839525989166487
-0.09068206346391411 -0.43195324872386953 -0.7341343301439013

-0.4213450232067168 0.2655778106527895 0.23051819765672063
-0.6971887726381285 -0.4288196235291624 0.2146543167678108
-0.00013804109460562215 -0.00023127825142419168 0.00022012387299919555

-0.12325251880643319 0.441093528304426 0.5757545628814695
-0.17482509690530362 0.42408395083279704 -0.0695428874038498
-0.7885975714451778 0.5109948943188161 -0.2511639543803078

-0.22407660125000523 -0.040127696894307965 -0.1572733435385565
0.037097080272166266 -0.8390061983125904 -0.9230340859794509
0.017242602218184626 -0.601564225969839 -0.14160876085180005

-0.26188590572085507 -0.1990979783322411 0.33447011437358587
-1.1071150297613326 0.037876662793434906 -0.07517700555036438
-0.00011652613985140704 -4.9294819847193267e-05 -7.011640804340748e-05

0.013972161603546297 0.35746835627260737 0.44917371267266776
-0.1045891205188011 1.3092006368561167 -0.19989229415333992
-0.0018144098567347605 0.002222500410790377 -0.0007679110325944111

-0.19113032679284211 -0.44872165875733594 0.6661258321328422
-0.10774515596259968 -0.3657522710742028 -0.042465641674252305
0.14964597332809268 -0.46354882641668804 -0.11503281546818891

0.023634359911216117 -0.2539839360622531 0.17219707413835234
-1.118199523355643 -0.34853593837031566 0.9971665101145348
-0.061026138074546196 -0.020638660518480782 0.006728412441904925

-0.0746240819099537 -0.32854053680101575 0.42920059191891063
-0.1061687491398695 -0.5776576236071209 -0.08778735926276914
0.7037690469016397 -1.5835294397936392 -0.5178986829413839

0.34536734213720055 -0.14465451591967543 0.2874737667819782
-0.29657234754220707 -0.4485233112607572 1.1885630376422762
-0.18368634706582163 -0.3386640211807261 0.2344739981920484

-0.1879905237191178 -0.5641523543773519 0.559311574074097
-1.2916091765390705 -0.8372520773976423 -0.16289133658282964
-0.003780689640080955 -0.00604722765064648 -0.004339587081662854

0.0621377225874724 0.5061644014394409 0.6310033834861387
0.0040585156497888126 0.4794281985633552 -0.07666619868424686
-0.024684449380838157 0.0362803442894356 -0.012113687002942389

-0.08189161085633145 -0.08010435335215599 0.29580769688038344
-0.8726076191133395 0.08238497288812406 0.265806944641871
-0.44710221849427484 -0.17604669105338477 -0.04277797061829732

-0.14708238806632856 0.5341347485374867 -0.14047990754350528
0.03312318262414674 0.08650560309820596 -0.2596022667635081
-0.05407212496438211 -0.011844972247552397 -0.1545238953571132

-0.33529459074265194 0.14773575216703344 0.14657893652067933
-1.3253623492715652 -0.5544930785218702 -0.46502988348032975
-0.3281894639578244 -0.41133108859554807 0.016397315945438737

-0.12474687158674848 -0.07902636397224387 0.7264708501526205
-0.02865168980490697 0.4122899403375034 0.29617142366091054
-0.027634774537459984 0.04062507732604535 0.012544512408507203

-0.3557590500299875 0.12180008689889034 0.34171140354868906
-0.14536351139743206 0.06599297333157886 -0.05164712155508986
-0.6349279401939716 -0.1299143709445976 -0.3434598358601026

-0.43713270774200025 0.0070566275575652745 -0.18048855486668713
-0.19173063595708645 -0.46888613760978215 -0.3532253575985817
-0.01994891163148643 -0.068861543855806 -0.0011120649119220863

-0.41597886136105444 0.228981060242916 0.6541228052072671
-0.1200117948540459 0.07987544520071123 -0.015776952731726863
-0.002448421529382037 1.1632861573952832e-05 -0.0007720535976666809

-0.07617719996427168 0.05762495582008546 0.10573647624241209
-1.310870909540137 0.5809544873626594 -0.2877224612106747
-0.9479022091202483 -0.19032019963921745 -0.24489233019198015

-0.20627684128151832 0.4005624086068886 -0.3774092026216063
0.15065531960640186 -0.10533865524499772 -0.9025337222648544
-0.32696030684523725 -0.7424152808141294 -1.1563992107603407

-0.536554036462095 0.011493538358995827 -0.12053512562436385
-0.5810701309404843 1.181176278420265 -0.40412011428437317
-0.0006037466107582336 0.0054030824925980344 -0.005921181280494673

-0.21591910242694706 0.41635292626984527 0.5951962533806586
-0.07169628427715419 0.10651622168823088 -0.01891535023780845
-0.29491291971800393 0.11588599314231551 -0.08422579436030511

-0.009276195367928518 0.00029308091632087853 -0.003502402734698281
-0.6149539979615609 -1.224958566627995 -0.5286621022026091
-0.014907714927573274 -0.03511752335805285 0.008941204921649635

0.017121790500115804 0.044413064750992735 0.11366592883324683
0.21676162362136442 1.5298748050406612 0.2040687423384443
-0.01579187626086435 0.03325203022043185 -0.000685887246203894

0.12394827636440581 -0.27944295692605536 0.6361824325984464
0.09349031033706683 0.9061274947145329 1.209412766036377
-0.0006487626617887712 0.0007503489600856595 0.0008092485824336033

-0.30377538584580754 0.3990185022372167 0.6356969008327522
-0.17881034651533734 0.1835831864712113 -0.03773409532889148
-1.7103974879901538 0.33651944988137344 -0.4576036212764599

-0.35108265939125527 -0.13087416293230997 -0.1697147087061909
-0.0028600653087694763 -0.3259104825835363 -0.20126117704814986
0.09901980710495491 -1.6847571057529072 0.07596282946034345

-0.21437183851205258 -0.5099446670498461 0.20314768900705882
-1.5274745532640581 -0.13662423286676112 0.27800547858713026
-0.00041665390647295845 -3.1248056226449254e-05 -0.0001876460163845091

0.06736235972360115 0.5084292119193442 0.6443765811021317
0.008380246079212618 0.6369991964992617 -0.09676262923797153
-0.006068174359067884 0.009029380093429582 -0.0029101309057647084

-0.25779264139336183 0.07695071425077597 0.4364005707100883
-1.1187033955087378 0.32032454172838476 -0.04177041786172137
-0.7096802297403713 -0.22137635507588696 -0.15811533920836549

-0.32042335523502546 0.5580224476582244 -0.5191457569857595
0.007739163391689348 -0.08006243286579419 -0.4516879444503772
-0.006679410837852966 -0.00957643324428254 -0.01313122990522152

-0.34680537988973886 -0.04959350614012123 0.43603250797271337
-0.3636529992281691 0.06418232158042098 -0.04617124035466048
-0.036982351757105694 -0.01466528449417019 -0.01724747715741752

-0.2461084740758559 0.48092328494820025 0.4505477431692226
-0.21406010215608384 0.29400361014821397 -0.132337459141717
-0.0024024038501504743 0.0007329368022145734 -0.0010390696725091774

-0.24054064480453413 0.33890317918083024 0.5501770678172451
-0.10722490862034154 0.12776279020883058 -0.021492050897113122
-0.1671081527151534 0.04685282955189084 -0.04595894488138533

-0.19585673472597226 -0.08203554990156943 0.10649257623330688
-0.9449759240405453 0.9732625606870218 0.6869048136730562
-1.1338321540031813 1.2130145278111215 -0.22146518937176984

-0.4174005798181091 0.3403070727437063 0.4986431593873301
0.09263128683458106 1.1287510254662425 0.1364216464718217
-0.004638310790934769 0.022417237009685072 -0.010031597615012367

-0.5174374934396723 0.01550773563387675 0.6370039505306417
-1.4524453124240821 -0.09157975790822302 -0.23903249254928058
-0.2897195559141086 -0.22883970121805847 -0.10660655378299912

-0.15542971230243588 -0.5070447069650995 0.6356804273838627
-0.24230773488553106 0.5968445147313394 1.4192700424889901
-0.0010021143605642305 0.000820185596389696 0.0009245929410361878

-0.15358536601619013 0.4911984219856482 0.6451703541885772
-0.13590889331013314 0.3065498389388314 -0.05142567756256466
-0.1328200474371927 0.08117589032223953 -0.04211450166600644

-0.285702229974769 -0.0994258714494696 0.2657494819182398
-0.5125286223514218 0.8180177631493819 0.6092021751216475
-0.29401531333251474 0.3522245783007388 -0.0113496037456284

-0.39325488681854226 0.47679998628721265 0.5345709531168853
-0.07483074055117207 0.29090523987944494 -0.0798706320999969
-0.003038459367837903 0.0029394050617232285 -0.002906408250800946

-0.17280832623816436 0.0858628209289675 0.23791174648784472
-0.4365893081235172 0.154531127155 -0.07459398070150197
-0.0018065767708554566 -0.0004926780247861148 -0.0005126533566439922

-0.009702025937580027 0.0819423968353325 0.11502179383139784
-0.07532412578233762 0.333177181270174 -0.03500646017011748
-0.4772845249589289 0.44610179749093337 -0.15269415767949746

-0.5195265172481496 0.08222347898387701 -0.43848623417077215
0.13723955745275407 -0.12786937367095907 -0.8822627527925164
0.011993775888522023 -0.047043258835013105 -0.05014233513546437

-0.43069070898647693 -0.22013913187839265 0.522093406860126
-0.608567451611093 -0.02755518899511059 -0.09821859251586362
-0.06490667852132875 -0.04238514902254062 -0.04158762459008963

-0.2079854938492824 0.5331338175648245 0.48465527818591564
-0.6211922779535912 1.2180404241308216 -0.49519015746989625
-0.19905114922744357 0.09696152731522009 -0.09877457296447137

-0.21319683283102375 -0.3719924093351961 0.7056839285489177
-0.08816513796029692 0.4114083704239753 0.6261941647148767
-0.04897140477784676 0.05744575208044225 0.04040520937697367

-0.4388415169972777 0.17680952633162592 0.492775982126992
-0.8255612794405073 0.582550467621726 -0.23412652214924315
-0.13472430225167378 0.003599345452568379 -0.06905489427309365

-0.1434544644310362 0.5463143882778494 0.1599690247704092
-0.09959268326404531 0.21641682801682127 -0.2292232190551156
-0.0028625123498829583 0.0010014100051093792 -0.0024362732895388123

-0.049679880010575966 0.05204786235024477 0.09735077622682944
-0.6678208875781471 0.6444569645729272 -0.11132585117988832
-0.04011360928135211 0.006986411628942517 -0.011149023819905355

0.060526573209156935 -0.5673984969230523 0.5700114990774233
0.13342388464228355 0.41876709128745454 1.4847000247217288
-0.0008086005030933017 0.000674743625288659 0.001363984013884181

