-7.450168040967476e-06 4.798257936184246e-07 -1.4429063734631298e-05
1.706296047292191e-05 -1.3565026345230828e-05 -5.249222433203185e-06
2.389088660264749e-07 -2.076312186515461e-07 3.0299808921914977e-07

-0.07983201908801042 -0.1021605043647628 0.16315203664626096
-0.7311662411191476 -1.1493921261133495 -0.2081741564559422
0.038064623817766485 -1.0190448204677387 -0.28322999652483244

0.08759940532593077 -0.4731545815331206 0.3915459491655835
0.002363977345027847 0.01156523786389082 0.06561053387957487
-0.41725999226417054 0.19721155985364827 0.6438488988948358

0.5311764952890554 0.6214729558898506 -0.11564754364354071
-0.21157464073625606 0.5669768692175668 -0.07515598050673872
-0.7835267450220996 1.416190773735292 0.8031068226412008

0.17574301721098298 -0.5505310369687566 0.3151587207590885
-0.7194812435975784 -0.7272987591224276 0.20749779428162585
-0.010180825477324183 -0.012155954017326075 -0.00662920684534581

-0.11276581008194411 -0.21028321639524283 0.3005751496929675
-0.1309171528418902 -0.3145842437310181 -0.05186730646275804
0.14562805890658626 -0.6848997732840922 -0.19379794873618061

0.04763678218947692 -0.11593400773623638 0.0961577793387055
-0.421719729827136 -0.14592216444489256 0.7208887023197375
-1.2800510704118468 -0.5311415518961086 0.6129848517964798

0.33551625815831493 -0.34699445195881395 0.13564040498118862
-0.12411405202921282 -0.5369248270024958 -0.05546809578910903
-0.0013009778086740308 -0.006788935283240686 -0.005833598199859413

-0.04742201899700272 -0.004658625213605932 0.06017403471302709
-1.356363401548853 -0.27486351454733454 -0.2085399522748761
-0.040892832583478915 -0.04242471694374698 -0.01612906206168347

0.03788244856001555 -0.2141239855920206 0.22052207365379756
0.005539706525281627 0.013152908869624102 0.043713962085516915
-0.03027957762448851 0.026676478675601474 0.0549062075792257

0.02145574329667474 0.550518974905923 0.07062518902424306
-0.5086950584675785 0.3309328200496806 -0.057402238731786154
-0.6516755766349561 0.1720040642265511 0.30171801203084436

0.4059982906051798 -0.3480000933266556 0.6149260003318514
-0.3406279772416906 -1.3402410723854112 0.4105040537278919
5.7908463630415345e-05 -0.0016694971105428145 -0.0004156333600602807

-0.4054436043215408 -0.18501783416034154 0.5590629890310979
-1.223369359307938 -0.7422444117590458 -0.21861413046351647
-0.018076558834638573 -0.0404239270575528 -0.011902371591016273

-0.03168480283166932 0.1509312087100399 0.7536604120558212
-0.15159202632968052 0.8729802059011562 0.28854310091522967
-0.7609372703136471 0.8373952191224634 0.0884448031152472

-0.399108451742313 0.11738828844202094 -0.3221432422713043
0.10155450808170478 -0.028411474430887217 -0.7355965289607838
0.0029275938680366547 -0.01291263856287863 -0.01712670671928743

-0.2607915345660107 0.3309303275634641 0.03288782051694502
-0.5695002209827572 -0.08865796679318591 0.04511991696407811
-0.07776876826898059 -0.034055164972224466 0.06200039973968093

-0.042642464000820474 0.11428025056273015 0.18338638518479752
-0.36699070085973273 1.4198444605204654 -0.09834497192987056
-0.2998797330240896 0.27590605298147153 -0.11517113186398234

-0.09197239853396331 0.15661261298388351 -0.1241915124685378
0.006801024467980791 -0.001147935682213338 -0.05487600541459952
-0.00012801457658426766 -0.000248210504171095 -0.00045252799509940846

-0.48842939076822106 0.12542158869078798 0.6189732156472538
-0.17363162339940746 0.01249560086715395 -0.027296531573224304
-0.80880660090584 -0.48069324188829515 -0.23008111106107282

-0.5961156144026756 -0.023294470700866165 -0.22766497341555617
-0.48590852040808 -1.2035219438059535 -0.56572728251594
-0.0013493472558369776 -0.004199506649904519 0.0008315140966221824

-0.24705404638016595 0.34645315242199426 0.5361795481823627
-0.968089716301882 1.073439385352572 -0.21798752148459993
-0.5920935806449051 0.14017087627778466 -0.16334264970787846

-0.2795421409514112 0.4161465640953405 -0.5193052566175312
-0.0066395932962750245 -0.35842844654770967 -1.0365235198500495
-0.5848786124282381 -0.9339715117586911 -0.9327130975762615

-0.2651101500432674 0.07123161030693453 0.021259319533052486
-0.4146981929941597 1.350084834092944 -0.36485104496456755
-0.24684515335284166 1.086949677199097 -1.2720327572083283

-0.27585692584649635 0.08224612445311005 0.4531658866016683
-0.14157909890608023 0.4522589435122682 0.11738436720285467
-0.004247236682053967 0.005151974293633093 -0.0015037495418088415

-0.3726344252346858 0.33405592101753845 0.618826398872835
-0.3617000321675854 0.26287332779596995 -0.07204511107108826
-0.12576310723054213 0.002884121740943572 -0.0354774447452363

-0.12798290175586458 -0.10505408903018763 0.2023257386862287
-0.19295874288531953 0.20819613044884053 0.21222873114298696
-0.03382182448716978 0.02239606972899679 0.0033153492717162554

-0.23394476225166572 0.44084321938472204 0.5873805235032432
-0.1514451873636742 0.3515641890627959 -0.0717768796280292
-0.2835468675754571 0.18060123141597628 -0.1307494323175138

-0.257410643697635 0.10377456818873378 -0.12344706195056611
-0.36035390675107104 -0.42884908171298425 -0.6755254556106859
-0.050580201568046254 -0.08544232924808116 -0.029803500804608803

-0.10544500432444746 0.16225873997296403 0.2930517740760106
-0.025202918800548174 0.05343013990690465 -0.003623686277101475
-0.001670214029031601 0.0010477587758847497 -0.0005694165372319382

-0.037385811649299064 0.02586133599109696 0.049426872416781495
-1.3332365498753387 0.5153997481471836 -0.29834482857889577
-0.05108487618934505 -0.012913115843469816 -0.013502281128871061

0.01846002904242791 -0.08365799797501855 0.12765111022410705
0.11061522533942225 0.3968173614402979 0.756292020072905
-0.6358496977487983 0.7904970272391982 1.0466404522234471

0.6352923818392497 0.08495694769895541 0.49927582235607365
-0.04357659843448412 0.08379588657988356 0.27444501192811427
-0.015059617618426916 -0.01141551181171969 0.03844230104733685

-0.3745728943132545 0.13263743278539197 0.49326884099629
-1.4669379877416968 0.10251193021309467 -0.20032540754644793
-0.0013934607656030042 -0.0008311356199993404 -0.0003072410993727764

0.010343468178589405 0.5028322139682524 0.6439244236424738
-0.08016410970722083 0.8222827847366676 -0.11785077859112109
-0.000835836686703089 0.0009911502078557447 -0.000337710596261921

-0.15022327013352266 -0.362129740283989 0.5072547686276255
-0.4006202483245184 -1.383227143754256 -0.19874265443223768
0.02915810512643106 -0.08785349261037118 -0.02402122663861171

-0.0007112530767431661 -0.16854343356052262 0.7206830623231973
-0.24614303465421986 0.8223059796087203 0.780481691898725
-0.18647937515087795 0.1505909204002448 0.10152581502430806

-0.262808839341212 0.6996281008594486 -0.19091227097201194
0.26855710583248127 0.4854539992191561 -1.1644239136487786
-0.32100019332648494 -0.109202684521422 -1.7251110441730133

-0.7585042048445614 -0.21097006169613486 0.2506944037774961
-0.6321869853790291 -0.8901449143437719 -0.6189886709284443
-0.012298115050594133 -0.1854893076634377 -0.03779862875786576

-0.27209898743980776 0.18691716784232415 0.6713944545790733
-0.9655212912121554 1.11558418433899 0.11242993831286108
-1.375798738697144 0.4467093325216545 -0.2738981984829245

-0.5197989756160413 0.4657979623864827 -0.43175455897501247
0.05077993064272091 0.0006992133193350509 -1.0059646279964911
-0.030431406944581147 -0.09410867909018766 -0.14973693567204172

-0.44965248504128796 0.5023942148811684 0.11217572476221749
-1.4308556443023843 -0.2555795651537827 -0.18263673613230086
-0.07700290330219266 -0.04437524442361812 0.03463001832636942

-0.038429511482883476 0.3584380778426412 0.5212791735752005
-0.0870114752469879 0.6053034207213317 -0.054003943853702656
-0.23897844708523136 0.26551151734533185 -0.08886799346049702

-0.5763583090471183 0.08458041115634238 -0.4854875181797921
0.033907152620062775 -0.3315736279526444 -0.6871638657212922
-0.00022647915452412835 -0.005998654623434964 -0.0034699152004244414

-0.35019689869042786 0.06725962665011288 0.4510163752650574
-1.4984791132585786 0.14517952204048715 -0.22664418535598838
-0.12302647236729854 -0.0682931377889112 -0.03903958984366816

-0.023351244339640153 -0.31663753105217485 0.5586366686521396
-0.04735370250726105 0.3802428981834832 0.6347009091536597
-0.037877091927659624 0.036438548209832756 0.03754998875725592

-0.4492037503776512 0.5790099625680902 0.3607238164122677
-0.17288922689531017 0.9754276443062322 -0.5264647264655778
-0.005825040383974861 0.00567487839842665 -0.009373684349924864

-0.27224267124290386 0.20149264884389148 0.4134109602830153
-1.243955614363729 0.7120105306575168 -0.23852683897983215
-1.6152454877091824 -0.1413023015914206 -0.4534616118852185

-0.3141879480502273 0.24865235397944793 -0.3469256188950483
0.02402808270033268 -0.06265922476157586 -0.2947319440630144
-0.0068544706665257995 -0.027777778888809588 -0.02924842108157324

-0.21166366252770988 -0.12508067875333967 0.23065624727867892
-0.725100101256765 0.12109141077139034 -0.06689775167440509
-1.408827004564005 -0.3728972185481675 -0.8767677615425993

-0.0958050361363126 0.08802360265945713 -0.046628600277940795
0.1089951792259657 0.5516582635009962 -1.4249538903322219
-0.0038952627178348727 -0.010434909219006682 -0.048077219101569604

-0.4489344416663153 -0.28046382532990216 0.6363428854904104
-0.211176305453017 -0.1779574336715422 -0.047415162577566186
-0.11938624851496663 -0.44597757753307365 -0.1259603468581711

-0.3263193075194216 -0.30440829094703864 0.24366752196642585
-0.9958019632978906 0.5221161489059724 0.6647636415764646
-1.1653289938159406 0.6265960448900598 -0.08954693085010858

-0.49708036790023447 0.39044105595095957 0.5343606737455404
0.0014298180153003717 0.3867875549852926 0.014816048197833269
-0.0010981331378916736 0.0036043340218195 -0.0020098695979419213

-0.0667046011912216 0.01769604686158974 0.08664096406491947
-0.448466075469338 0.0681442225114933 -0.0694471011420287
-0.8186137345708072 -0.3992453236287761 -0.24850286888358894

-0.033708661185779115 0.022295586165192335 -0.03286190092359514
0.13922167395466636 -0.10152868652728507 -1.0265156773902573
-0.022326536436197652 -0.3643316723679412 -0.4539283024128071

-0.037412327125084924 -0.06492155634724434 -0.04801705570414814
-0.00809576349268387 0.004669542796165667 -0.021278742414923776
0.00011046081399677107 9.896602952503506e-05 -0.0004292136417504179

-0.39037446772471995 0.20883925377482485 0.5566786448814611
-0.06992058281158345 0.0267083157835629 -0.01128799265265745
-0.09725031957023678 -0.023819675082420416 -0.0263582396488466

-0.3597603025603956 -0.2859876238851386 0.17540609966601842
-0.43744636545582466 0.20576525594929793 0.13254297450014882
-0.007692301563162409 0.003932112310376673 -0.002989359195255187

-0.032388160017100806 0.06904424047976832 0.09685836683796216
-0.5330253680241872 0.9036061762341804 -0.15569177727198136
-0.23624992470627434 0.10971988275905051 -0.07168401890552419

-0.021977431512738597 0.08183592827730511 -0.07225251518839408
0.15704954244541525 -0.1668180876149587 -1.068517106409367
-0.03239066011702224 -0.04645327452216132 -0.08048890098884835

-0.015256299850583003 0.009535063173948647 0.03362027362720454
-0.37859126651053887 -1.0934201365876468 0.9920300763926451
0.6038822745449457 -1.217817840200825 1.1154597960493762

0.586692711208022 -0.21774541654222032 0.48926685696977595
-0.010195651795037383 0.030865859698475634 0.14551963945130378
-0.3775295447255311 -0.18041995097762478 0.7026582411149151

-0.05321590072842297 0.6330422267340926 -0.03659754478042496
-1.4029643405406618 0.6432708506632318 -0.1429909189913247
-0.10541774538028797 0.02487929861758412 0.05610559572378508

0.006626865592580699 0.04456482722578193 0.06343703556369248
0.015355154910058183 0.12222598500407358 -0.012466567824868133
-0.33239619434935286 0.6610034921390259 -0.1961238385133602

0.6378953465507501 -0.0780200009884086 0.510640471515766
-0.02481586783706897 -0.030084142403801722 0.1475937379906533
-0.48366020489252026 -1.1293344185003746 1.0876629826376871

-0.003080150150099605 -0.28618682111114846 0.05178773417244453
-0.7426962884286232 -0.3989024394395617 0.10932962165076371
-0.34837895626684545 -0.13529313295815876 -0.18552676743483776

-0.1501300576647262 0.380528893741177 0.709582428061841
0.02517484951151063 0.1253547009859709 0.011271182836322531
-0.03763607739998949 0.1260032200006561 -0.03636364096489757

-0.47142583717927655 -0.03303875425937998 0.36556604500205103
-1.259021915353243 0.08421321002077627 -0.5157091709430204
-0.952716161786621 -0.6286474004393332 -0.7338018905430789

-0.32674342298589415 0.44172261713160554 -0.3624374048219347
-0.07911383901847606 -0.13451071562519065 -1.0031939942162809
-0.1947604340806456 -0.2490085463556668 -0.33642826104333295

-0.45729358856285013 -0.10731509659684588 0.24555402924376213
-1.0140341612229236 0.9875646562426206 0.05313916225179472
-1.2061734008108231 0.8862380511651679 -0.9166474401564318

-0.18523183109093275 0.18568613254662156 0.1233039347217495
-0.014223713218099286 0.19240899066677472 -0.07205396389611736
-0.41133786344190415 0.7573958403842919 -0.9907922729735176

-0.7868160254676541 0.24438461103999234 -0.03765766481652722
-0.03943462268462381 0.11174952958366291 -0.09523366573632439
-0.1299240697831166 0.2502267195082297 -0.9239954597830045

-0.13827029361372922 -0.10188032607911413 0.09161672758631408
-1.0628910638871463 0.4130804098745768 0.05309241308661946
-0.9378848220103333 0.21985877714756183 -0.5774548515730819

-0.3715422223015104 0.7159267170757725 0.18634009365657836
0.03203935947183774 0.2174745672477833 -0.1665545198447243
-0.018840060797327102 0.03282004556262162 -0.07290020288033179

-0.0736385551084249 0.0136865910801071 0.08480591553408649
-1.0548860973485787 0.06915693716340131 -0.21616362122840027
-0.5701172074822284 -0.3480678004154307 -0.20682641741956842

-0.20900019047738982 0.5850592798881238 -0.5032353844802087
0.026794759770515455 -0.02224989221058456 -0.18369950254493203
-0.0015771890777587123 -0.0024989041244229356 -0.004317691252904096

-0.3922555437458317 0.11961985818767004 0.4788135761039778
-0.8934150394118957 0.0036599420423240616 -0.1443445681782435
-0.0032435328595759746 -0.002249802329523401 -0.0007775770077284426

-0.06838073269232148 0.45058120277529107 0.5986781118970411
-0.10853107971317515 0.4082114457024816 -0.05522466540052643
-0.0031370038974693508 0.0026951195937471016 -0.001052701333160166

-0.16346720180815708 0.4467545091594586 0.6767377928118029
-0.4637707808086321 1.0891120733926833 -0.11315017327580539
-0.3183765047130981 0.20673865948228468 -0.09445268975896955

-0.24657077822695633 0.29472478039052297 -0.3730240524932477
-0.10674375892233054 -0.5131729410733687 -1.3846565382269975
-0.06012335901430379 -0.09249934713087708 -0.0825423507996013

-0.5214348330842137 0.21892885328453895 0.5804576378332054
-0.6828209596215514 0.5013811167768281 -0.20201057298628708
-1.3903346832728034 0.06213651720429642 -0.7271267763656826

-0.4373825867525559 0.20909631552238012 -0.27145286751857495
-0.13600199603221458 -0.2274524265959307 -1.0903538849242966
-0.08990308183366445 -0.26977444261396105 -0.2586360414716246

-0.24208535839784354 -0.08979490884215882 0.25721299509868906
-1.3032728060470067 0.819738001102288 0.14150021278569966
-0.00014049515608893518 3.3952861376429666e-05 -6.458527070115895e-05

0.04229634608440456 0.4812069929293705 0.6065691445480392
-0.008771542173174557 0.28198718944719314 -0.042928727319748956
-0.000125218440499182 0.00016958564022415576 -5.6418066761247464e-05

-0.30074850188137553 0.01885911506169795 0.38097970502978384
-0.5460956620048443 -0.02807705776145403 -0.08157340911265788
-0.8718120315475406 -0.6704833069240321 -0.29400089218082814

-0.571983105178002 0.23004948710086895 -0.5016088066796014
-0.042773057862168576 -0.2473407681324118 -0.5082246438533974
-0.08221800518903472 -0.2754927321942077 -0.16280389374280252

-0.5392678443212164 -0.29836195663346554 0.4788420323925498
-1.4170691026878017 0.5494524914405263 -0.0298825814812152
-0.016799124763700508 0.0010779626292816496 -0.010256233231103737

-0.05394287593157063 0.51171244570635 0.6354723752681758
-0.3198086013394167 1.502949633647124 -0.24827558357439097
-0.014038494048764522 0.013220806621824616 -0.005426440783088579

0.011455967595234796 0.16307784727686211 0.3314095314968608
-0.0074150116121123166 0.9396651948100423 0.056274885645788274
-0.01867033199200476 0.028157623695098066 -0.003781767285737689

0.106645420468553 0.043370033591721424 0.3618379410231726
-0.055450178433076716 -0.01590283827969198 0.06222308884806789
-0.005577356703620553 -0.007847190218320473 0.005475174786811758

-0.2775556822026603 0.22843815530572828 0.32534028420140804
-0.10887614801111163 -0.03492285399960955 0.016679254834369297
-1.057889620269497 -1.2927001516839642 0.6726198904146203

-0.605814817824437 -0.2312814865354434 -0.2119358768461445
-0.04356992059709913 -0.4732572745855908 -0.15246857090419544
-0.022832127551538614 -1.7345894506044972 0.5104168466452603

-0.3087117464504724 -0.3415967122053862 0.1990318429912365
-0.5523032979793565 0.13631389935666602 0.09519076294736305
-0.019466015017745895 0.004181512791662611 -0.009253842456206163

-0.14143446326771433 0.4907205334838745 0.6509269735508343
-0.12026839188243764 0.3276714300399327 -0.05166478206097945
-0.0029076835000822745 0.0020643096695279342 -0.0010158400799395108

-0.19044525198487863 0.2281639210657747 0.4356848734854904
-0.892953645282048 1.0527842077979164 -0.11358004914272433
-1.6311775513452038 0.4697315344051544 -0.4316660012760858

-0.5091467903772544 0.31616151467244963 -0.478220462319567
0.0284452037896811 -0.03523502876251093 -0.2716312745348302
-0.02083936259853324 -0.2084633826276569 -0.2438298529101363

-0.4641955554486102 -0.5397569347538214 0.13980238823741753
-0.6860009609744366 0.13847370699421493 0.056273789239319236
-0.1008918253675847 0.030832457166663062 -0.05957442846265271

-0.0453757900324529 0.0797217159870595 0.12604315698820845
-0.38761129157409957 0.8767623275343442 -0.10504819627479606
-7.732732063076497e-07 4.998495457919913e-07 -2.969243480123342e-07

0.07929340372558188 0.5076750109549791 0.6453957752857102
0.010914731968027652 0.30294467928797636 -0.04607795113391883
-0.03063933061076088 0.04791806707414238 -0.015210637804042918

-0.19945693120832753 -0.39335628450209686 0.6491502058923713
-1.3619225472781713 0.07694437780762384 0.4944774857388602
-1.3063141060983923 -0.3724080992136379 -0.21356426366076314

