1.0 0.0
0.0 1.0

0.3079834275300574 0.005375569849140891
-0.08572961555775643 0.012640571654172999

0.11816514505238965 0.0025617477966725873
-0.04085476701596004 0.0004609736616868174

0.036537114803063694 0.0013407889449375014
-0.05394604399725947 0.00012071147581471572

0.010744824533251731 0.00039663575228482807
-0.003148755123298085 -0.00011005348212287081

0.004104513974985128 0.0001534398157945224
-0.00372224815660269 -0.0001328762268962123

0.001852635761294024 6.946880788703556e-05
-0.0008455333160416706 -3.111167899171305e-05

0.0006606100192726143 2.4777043646464498e-05
-0.00020622488957568733 -7.71885203609524e-06

0.00023840924544647746 8.945780552654444e-06
-0.00020055008625616773 -7.512652972781135e-06

-1.2772208765350634e-05 -4.714289628155033e-07
-0.00032517896711786916 -1.2183234234746484e-05

-9.454588535636062e-05 -3.538872320296342e-06
-0.00020620102078263493 -7.72652588424227e-06

-5.637324440534436e-05 -2.1105201830998576e-06
-1.3939549803286516e-05 -5.228368309825094e-07

-2.3240255027064958e-05 -8.701470148527983e-07
3.7804501779818718e-06 1.4136760129467745e-07

-9.46004167529651e-06 -3.5426021052016814e-07
6.1748619265474595e-06 2.31046498365835e-07

-1.3027172059750572e-06 -4.888508573721313e-08
8.977680930138293e-06 3.35959581181728e-07

-3.3264050360071716e-07 -1.2489384014999485e-08
2.6710282512795225e-07 1.000695909246272e-08

-6.151398756165435e-08 -2.3096498613628938e-09
1.821885509648964e-08 6.83968879999002e-10

-2.1142715194696242e-08 -7.93843423607182e-10
7.665971652463182e-09 2.8782441820009013e-10

-5.4377540350262126e-09 -2.0417667491272535e-10
1.4569829159517029e-08 5.470381336472495e-10

3.3772389841754876e-09 1.2679626546440057e-10
1.4945425597363904e-08 5.611417615513209e-10

1.0917314926555428e-08 4.0989927006153206e-10
2.128857047669342e-08 7.993026114291257e-10

6.483998194686089e-09 2.43447779149186e-10
6.284967159538979e-09 2.3597623192126863e-10

2.2154802350623704e-09 8.318233019608572e-11
6.318084146376638e-11 2.372305607577257e-12

7.379103151478634e-10 2.770555630431386e-11
-1.973599875444463e-10 -7.410056315694155e-12

2.25232181628713e-10 8.456560124922411e-12
-6.533228192744801e-11 -2.452963515741992e-12

8.935158405566514e-11 3.354791692953777e-12
-5.874165378791594e-11 -2.205512116996666e-12

5.691609396578245e-12 2.1369706142840419e-13
-1.0157996209643099e-10 -3.81391779561213e-12

-4.2472879578790615e-11 -1.594685245276625e-12
-1.0730392343656018e-10 -4.028829465340513e-12

-2.5646673499601673e-11 -9.62929108588009e-13
-6.365176541545553e-12 -2.389867088594818e-13

-1.3609041120533798e-11 -5.109645859166404e-13
1.2675082461216093e-13 4.758975627734461e-15

-6.310586572912606e-12 -2.369370662311303e-13
1.841068819895568e-12 6.912470222333994e-14

-2.5471958210186544e-12 -9.563692708575952e-14
1.2417510882917922e-12 4.6622742499486625e-14

-1.1732843513499045e-12 -4.4052094181973406e-14
5.612724458423749e-13 2.1073515807314874e-14

-2.306218194044861e-13 -8.658919116014033e-15
9.350896763304683e-13 3.5108844669297134e-14

-8.029921745474838e-14 -3.0149117525006477e-15
7.061723542395618e-14 2.6513923109832392e-15

-2.3033441914368542e-14 -8.648128563407531e-16
3.744276144590081e-14 1.4058246522982411e-15

-8.378161474701546e-15 -3.145661786628232e-16
7.098126056809613e-15 2.665060036756419e-16

-1.5778725755298917e-15 -5.924275448516694e-17
5.975241874280974e-15 2.2434623266605273e-16

-6.102656659346802e-16 -2.2913015743123365e-17
2.881817292326674e-16 1.0820061995716837e-17

-1.7726074776944386e-16 -6.655426549474323e-18
1.016753977709903e-16 3.8175012850260556e-18

-6.864129503602436e-17 -2.5772039391223313e-18
1.996751363955214e-17 7.496996487100321e-19

-2.6241171367089164e-17 -9.852502082056526e-19
2.655922655226067e-17 9.971918977931318e-19

-1.098991377518995e-17 -4.1262696259911907e-19
8.234640717283048e-18 3.091775654818836e-19

-2.838842738427348e-18 -1.0658710166883786e-19
7.512173830644159e-18 2.8205184614207354e-19

-5.142673476724689e-19 -1.9308665954087238e-20
2.2989120076380375e-18 8.631487909674615e-20

8.178720174816039e-19 3.0707797443703044e-20
2.5333282820992328e-18 9.51162652875581e-20

4.1514530912388697e-19 1.558703292378813e-20
1.530871580594787e-19 5.747805701043689e-21

1.9711912638504672e-19 7.401028617438211e-21
2.970287424009457e-20 1.1152231986176706e-21

6.229793639465533e-20 2.3390363914890103e-21
-1.5423053022899868e-20 -5.790734712709617e-22

2.033698886068639e-20 7.635719542931887e-22
-2.136104389447915e-20 -8.020210927399386e-22

5.2598252710120025e-21 1.9748523683231854e-22
-4.688969355433959e-21 -1.7605189826523086e-22

7.84471609643626e-23 2.945374692672653e-24
-6.4398683168745134e-21 -2.4179109647417293e-22

-7.474696563615208e-22 -2.806447257292479e-23
-1.8416946060454032e-21 -6.914820866923035e-23

-3.249070291430882e-22 -1.2198949256246768e-23
-5.99286316022928e-23 -2.250078547759358e-24

-1.5245250588059668e-22 -5.723977065607508e-24
2.384190575288339e-23 8.95167454867743e-25

-6.270345431646943e-23 -2.3542619543763197e-24
2.005788190401326e-23 7.5309261290875115e-25

-1.7777203629351097e-23 -6.674623370720295e-25
2.206779083356226e-23 8.285565913569585e-25

-3.741270006464754e-24 -1.4046960783026276e-25
1.1308262496630798e-24 4.24579673584578e-26

-7.993640635586388e-25 -3.001289838147537e-26
2.27470004343303e-25 8.540581740434799e-27

-2.280163546262855e-25 -8.561094991245067e-27
6.943255791034765e-26 2.6069126696190124e-27

-6.458907981886757e-26 -2.4250595911539547e-27
1.9464733625254607e-26 7.308222860513908e-28

-2.2263711000696296e-26 -8.35912603931334e-28
1.0431603199969872e-26 3.916646507759886e-28

-5.011481449841217e-27 -1.8816092735659987e-28
1.4647364116499896e-27 5.499494796249773e-29

-1.638761987165017e-27 -6.15289068328256e-29
1.1940304658285784e-27 4.48310309019415e-29

-5.996423111632332e-28 -2.251415164956934e-29
1.7458886227044917e-28 6.555108017407157e-30

-1.7434344904175569e-28 -6.545893739920807e-30
3.4585764167468647e-28 1.2985560306311723e-29

6.274686747425183e-29 2.355891943499256e-30
3.752662301823779e-28 1.4089734259910054e-29

2.7352201562305886e-28 1.0269649130141307e-29
5.6216818232861e-28 2.110714916857107e-29

1.2847174335252545e-28 4.823596098334593e-30
-1.451806576632815e-29 -5.450948477726007e-31

5.130136572911511e-29 1.9261594893374756e-30
-3.805919047288394e-29 -1.4289691871544709e-30

1.4216896437408425e-29 5.337871534734039e-31
-4.349359576755133e-30 -1.6330092000948823e-31

4.7321760575281074e-30 1.7767413574431154e-31
-6.733786929414315e-30 -2.528265555688116e-31

-2.0366535438516448e-30 -7.646813090116753e-32
-1.0886192102390499e-29 -4.087326316318681e-31

-9.670514484469231e-31 -3.630888374276661e-32
-1.1150182143670387e-31 -4.186443935484377e-33

-4.185195654784571e-31 -1.571372264778168e-32
9.584748338673643e-32 3.598686643730077e-33

-1.6950243069791965e-31 -6.364133015064613e-33
1.479732523084546e-31 5.5557991498128995e-33

6.821137882855998e-33 2.561062317622833e-34
2.3744082325352846e-31 8.914945798535078e-33

1.2125642028898895e-31 4.5526898019827416e-33
2.7622527836537634e-31 1.0371145749369364e-32

9.70152009225423e-32 3.642529730176053e-33
7.188848508797951e-32 2.6991228353930957e-33

4.894621842171893e-32 1.8377332014510653e-33
-5.082458589906282e-33 -1.9082583285997843e-34

2.0581418763799193e-32 7.72749311689796e-34
-1.3522112573613344e-32 -5.077008200343712e-34

5.80672169503204e-33 2.1801899298131367e-34
-2.281594151368483e-33 -8.566466336745401e-35

1.345017053669603e-33 5.049996865436519e-35
-4.167440198261869e-33 -1.5647058065693738e-34

-1.8599394705365825e-33 -6.983322977567741e-35
-6.0984251198386296e-33 -2.289712807377501e-34

-1.1982190059703093e-33 -4.4988293700422667e-35
-7.010150287321826e-34 -2.6320288564839486e-35

-5.868333151497992e-34 -2.203322548182485e-35
1.3053106236318146e-34 4.900915226150658e-36

-2.3478834880778668e-34 -8.815356075117811e-36
1.941879273670308e-34 7.290973908721992e-36

-4.644805190154498e-35 -1.7439371186296808e-36
1.5330278859709374e-34 5.7559017542997956e-36

-1.3792125755138254e-35 -5.178387265880997e-37
4.879691768223235e-36 1.8321275605087626e-37

-5.9418583629735475e-36 -2.230928301319153e-37
1.8292217921898136e-36 6.867990477551148e-38

-1.6401668312015265e-36 -6.158165306352539e-38
3.3789906766043074e-36 1.2686747932775763e-37

-5.121736144317004e-37 -1.9230054670182167e-38
1.9200118599022715e-37 7.208870584691639e-39

-1.3508721260734302e-37 -5.071980302156198e-39
9.81190544157689e-38 3.6839749792566255e-39

-3.503051919455092e-38 -1.3152547891080621e-39
9.865196151736759e-39 3.703983492794057e-40

-1.0672087936551026e-38 -4.006938832500811e-40
6.706783099002896e-39 2.518126705882429e-40

-3.407579626544507e-39 -1.2794087915707752e-40
1.553092467080947e-39 5.831236168414026e-41

-1.3038032624861468e-39 -4.895255692660034e-41
4.452343929615615e-40 1.671675673335168e-41

-5.932395371014319e-40 -2.2273753292879528e-41
2.4555281540269148e-40 9.219518404614332e-42

-2.603312120076736e-40 -9.774387625995001e-42
7.915915017420884e-41 2.972107001615543e-42

-7.704564878069345e-41 -2.8927535437301654e-42
1.5304947536568994e-40 5.746390863556273e-42

3.895242275035452e-41 1.462506458589256e-42
1.911895850563144e-40 7.17839824115471e-42

9.750945470508437e-41 3.6610869673929183e-42
1.8063449338392394e-40 6.782097096016512e-42

1.3308984148847516e-40 4.9969870679672585e-42
1.889665431500298e-40 7.094931978568355e-42

1.8273098518945273e-40 6.860811912437974e-42
2.561192663246915e-40 9.61624604378668e-42

2.434285704847669e-40 9.139761570694114e-42
3.3375998657113307e-40 1.2531342122345975e-41

2.7559521427750647e-40 1.0347489382633448e-41
3.302689745688384e-40 1.2400268693792108e-41

3.132097119249589e-40 1.1759762146732282e-41
3.7704784689514535e-40 1.4156626785847457e-41

3.063558893191602e-40 1.1502428735374334e-41
3.123785694126313e-40 1.172855609569721e-41

3.5160478760070997e-40 1.320134246931435e-41
4.316238244165147e-40 1.620573474815253e-41

3.929234910368563e-40 1.4752693229270563e-41
4.712511081919566e-40 1.7693579517895524e-41

4.851984874024488e-40 1.8217247385911582e-41
6.276771191875454e-40 2.356674568367196e-41

1.739735297677007e-40 6.532004762310108e-42
-3.4683044181011335e-41 -1.3022085030077856e-42

7.230208266068634e-41 2.7146517570526616e-42
-2.6777517819286344e-41 -1.0053878549913488e-42

1.8578643595918448e-41 6.975531772439326e-43
-5.075442288828299e-41 -1.9056239903693442e-42

-3.42652377437792e-42 -1.2865215554510615e-43
-3.068605832646465e-41 -1.152137795862587e-42

-2.078878980692033e-41 -7.805352584544628e-43
-4.44275354394436e-41 -1.6680748701002925e-42

-3.501716100023163e-41 -1.3147532427577294e-42
-5.519864873318801e-41 -2.0724867563456588e-42

-3.421109744508531e-41 -1.2844888054725238e-42
-3.688867939190237e-41 -1.3850212143478176e-42

-1.0811874247628757e-41 -4.059422957579189e-43
2.2225581125024372e-42 8.344809807998852e-44

-4.156607132685608e-42 -1.5606384271221078e-43
1.664336905027936e-42 6.248914190708856e-44

-1.0753228579589211e-42 -4.03740387321419e-44
8.118906717506731e-43 3.0483222024820565e-44

-3.1180568384003904e-43 -1.1707046551725623e-44
1.196502236339726e-43 4.492383592102524e-45

-1.2966707094319165e-43 -4.868475831045529e-45
4.088126807962896e-44 1.5349268256037287e-45

-5.643384172223771e-44 -2.1188632740700394e-45
1.7107495369460903e-44 6.42317491481185e-46

-2.5995265964024887e-44 -9.760174510527932e-46
1.0082439861856163e-44 3.785549748935243e-46

-9.200470137278325e-45 -3.4544056692095378e-46
1.2307023464467973e-44 4.620791219624487e-46

3.4163514036306786e-45 1.2827022402797432e-46
1.993156606844631e-44 7.483499625099925e-46

1.0713601727303867e-44 4.022525587523899e-46
2.0735707124521735e-44 7.78542217704604e-46

5.692645614711283e-45 2.1373589600146968e-46
2.3510986134233423e-45 8.827427574785672e-47

1.2007145612437175e-45 4.508199174145385e-47
-3.219976284557022e-46 -1.2089712988715236e-47

3.39334509913055e-46 1.274064300315045e-47
-9.918994097373959e-47 -3.724182452806761e-48

1.235563930005802e-46 4.639044506203307e-48
-8.486907652540481e-47 -3.186491719614043e-48

3.0441085110676304e-47 1.1429400390871485e-48
-6.973815746840166e-47 -2.618386701164145e-48

1.1376166378545196e-47 4.271291906344097e-49
-7.548863053690151e-48 -2.83429378495518e-49

5.298522622610644e-48 1.9893816634239575e-49
-1.6491230769894113e-48 -6.191792399058539e-50

1.2216666614430783e-48 4.586865864684667e-50
-3.4102527677964742e-49 -1.280412448357615e-50

5.276461548076007e-49 1.981098619209453e-50
-1.6882137031908822e-49 -6.338561943167139e-51

2.1020182753053717e-49 7.892231308458918e-51
-1.914527833048011e-49 -7.188280274443581e-51

5.4044378326120875e-50 2.0291485553789736e-51
-5.198002621368858e-50 -1.9516404548794455e-51

1.5506915908677404e-50 5.822221846017205e-52
-1.6793626143793594e-50 -6.305329672519013e-52

5.62110073795239e-51 2.1104967427376196e-52
-2.875889474887717e-51 -1.0797805718448841e-52

1.472305435500099e-51 5.52791342976314e-53
-3.592391544949551e-51 -1.3487982172360084e-52

-2.2671819118057557e-52 -8.512354186704543e-54
-2.2124272450073853e-51 -8.306772484267836e-53

-1.127509330194695e-52 -4.233343040297487e-54
-3.3766248534657115e-53 -1.2677865220544342e-54

-4.541371857266367e-53 -1.7051020714872215e-54
8.158287961894618e-54 3.063108272307216e-55

-2.0183649661721484e-53 -7.578146852984096e-55
1.0692682105852794e-53 4.01467111293075e-55

-3.7644570710099546e-54 -1.4134018863778996e-55
1.75134369542253e-53 6.575589616545005e-55

7.575528632866478e-54 2.844305635056867e-55
2.2730601999881693e-53 8.534424789314622e-55

5.844678376363368e-54 2.1944411336341332e-55
4.563786704122168e-54 1.7135179429479003e-55

3.851671562339695e-54 1.4461474122903199e-55
1.976417272511846e-54 7.420650172240261e-56

1.709030928394081e-54 6.416722232463419e-56
-4.567671483316254e-55 -1.7149765209413559e-56

7.713707477589117e-55 2.8961862213152463e-56
-2.816533129184994e-55 -1.0574946566645005e-56

3.0222293240143666e-55 1.1347252862900877e-56
-8.78732853715791e-56 -3.2992876519399973e-57

1.2231547185657358e-55 4.592452919350267e-57
-7.1490542412169905e-56 -2.6841816920077476e-57

3.22049094376686e-56 1.2091645326591084e-57
-7.834808609906697e-56 -2.941654814961407e-57

-2.0749858752030863e-56 -7.790735542729177e-58
-9.085792556126256e-56 -3.4113488600952054e-57

-4.955657570354679e-56 -1.8606496570574676e-57
-9.060471573633884e-56 -3.4018418518481816e-57

-8.247362041372421e-56 -3.0965519986099626e-57
-1.293155835564226e-55 -4.8552788965042104e-57

-1.0370092228120874e-55 -3.8935516173137153e-57
-1.3698120386929584e-55 -5.143092039438126e-57

-1.0964058176537284e-55 -4.11656188840993e-57
-1.304910713089995e-55 -4.8994137232685e-57

-1.3430863239777147e-55 -5.042747753713044e-57
-1.731796989855554e-55 -6.502199616341271e-57

-8.99327617877525e-56 -3.3766126896987455e-57
-4.119465981319762e-56 -1.5466934219294614e-57

-6.60060437266758e-56 -2.4782608741662847e-57
-3.821014074412581e-56 -1.4346367613649886e-57

-4.520297205729078e-56 -1.6971893893458983e-57
-2.28799516869261e-56 -8.59049957657256e-58

-2.5049465429556115e-56 -9.40506453468307e-58
-9.387588607226518e-58 -3.5246611120030427e-59

-1.195961482867043e-56 -4.490353280788204e-58
2.911517063300768e-57 1.0931572951598867e-58

-4.959424047314754e-57 -1.8620638173307678e-58
2.3159646156221982e-57 8.695513575418932e-59

-1.247074964762681e-57 -4.6822638016624805e-59
3.533635317937095e-58 1.326737622433271e-59

-4.4882797849504794e-58 -1.6851681384531937e-59
2.1725873602264453e-58 8.157189776216527e-60

-9.995212957550125e-59 -3.752799562450591e-60
2.1212765963503875e-58 7.964538541029365e-60

-4.14046677456085e-59 -1.5545783732577608e-60
1.19424170616052e-59 4.4838962124904496e-61

-1.4570779425493134e-59 -5.470740331875561e-61
1.9821288869023825e-59 7.442094981947397e-61

-5.623380383973238e-60 -2.111352657926814e-61
3.99467343570605e-60 1.4998388513900235e-61

-1.3670448849052314e-60 -5.132702492394033e-62
3.932466841871748e-60 1.4764827829286137e-61

1.7114663640778767e-60 6.425866311741512e-62
5.810155740677257e-60 2.1814792755278865e-61

1.9057964510607633e-60 7.155497454667266e-62
2.4588805245834663e-60 9.232105204726782e-62

1.3155312590859628e-60 4.939289592382971e-62
9.783344017306762e-61 3.673251315742993e-62

4.56180913198002e-61 1.7127754443236802e-62
-1.2511449856061416e-61 -4.6975450893202555e-63

1.4554975890606543e-61 5.464806741559933e-63
-2.536058315868836e-61 -9.521876700938734e-63

5.975777379751278e-62 2.243663524856945e-63
-2.1116638386155877e-62 -7.928446510600092e-64

1.819644982569941e-62 6.832033417802883e-64
-2.3602115658237517e-62 -8.861643037653885e-64

3.7883995671893795e-63 1.4223913285806554e-64
-1.0575596525646387e-63 -3.970710197237006e-65

1.4128965927440545e-63 5.304857172685433e-65
-5.959566493017025e-64 -2.237576990342712e-65

5.1391338055949446e-64 1.9295375875351903e-65
-2.1389832596914145e-64 -8.03101992438846e-66

1.291593847158879e-64 4.849414259673525e-66
-3.5735397635975363e-64 -1.3417201332462317e-65

3.37213965120808e-65 1.2661025094034377e-66
-2.7810049502466415e-65 -1.0441552576000912e-66

-1.0732994695421557e-66 -4.029806865329152e-68
-4.341327942586381e-65 -1.6299936452165365e-66

-2.989556367940908e-67 -1.1224579083185298e-68
1.7753812400928008e-68 6.665840907341909e-70

-1.4134289405869087e-67 -5.30685592424801e-69
4.1253821598931525e-68 1.5489147085049285e-69

-6.558194227816038e-68 -2.4623375743108084e-69
2.8244777365697457e-68 1.0604775364934673e-69

-1.1632567643840945e-68 -4.3675602460283185e-70
5.128856901111496e-68 1.9256790241596337e-69

1.9194617277866158e-68 7.20680506035343e-70
5.977366416788079e-68 2.2442601442107983e-69

5.914555229323723e-69 2.2206770752122352e-70
-9.310013617216142e-70 -3.495534830271518e-71

1.3532630891568419e-69 5.080957404746567e-71
-3.7804047273823524e-70 -1.4193895885019662e-71

3.880465957123033e-70 1.4569585468407116e-71
-7.048268393929993e-70 -2.6463406689894006e-71

1.2084901052511099e-70 4.537393207601873e-72
-1.0343833864302948e-70 -3.8836926601644054e-72

4.250462517221399e-71 1.5958773407415967e-72
-2.374862197562303e-71 -8.916650254219992e-73

1.846572441390988e-71 6.933135171322976e-73
-5.535173420858198e-72 -2.0782344988651573e-73

6.858145643910578e-72 2.574957240130506e-73
-6.052729136191456e-72 -2.272555807505139e-73

7.248345888523851e-74 2.7214617031640947e-75
-8.732021783438544e-72 -3.2785221953118895e-73

-3.2041576804722676e-74 -1.2030320506794415e-75
-1.674403023822989e-73 -6.286708409171298e-75

-5.337956140979962e-74 -2.0041873600220017e-75
-8.368719362513284e-74 -3.1421167808323753e-75

-1.3093986852689682e-74 -4.916264249716593e-76
2.8697116915313877e-75 1.0774610632186097e-76

-5.042329231368819e-75 -1.8931913720676592e-76
1.4913512256575567e-75 5.599422694521191e-77

-1.5505305594047692e-75 -5.821617237784919e-77
2.9088568397177453e-75 1.0921584884370329e-76

1.02531664042056e-75 3.8496506836675886e-77
4.436436618008652e-75 1.6657031190442445e-76

3.339116430515737e-75 1.2537036211865249e-76
6.512588268260728e-75 2.4452143748561254e-76

1.6522407592960798e-75 6.203498039394606e-77
-7.9017962097177e-77 -2.9668059584466013e-78

7.828136107959239e-76 2.9391495594460777e-77
-2.656288509947281e-76 -9.973292615384199e-78

2.1465451442599785e-76 8.059411752777465e-78
-5.117914825918098e-76 -1.921570715995278e-77

-2.1408657891355165e-76 -8.038088063610856e-78
-7.837680148853175e-76 -2.942732962085209e-77

-5.729325357786613e-76 -2.15113072499345e-77
-1.068707646179902e-75 -4.012566419549879e-77

-3.213645056093371e-76 -1.20659417779276e-77
-1.8579743189822064e-76 -6.97594462562596e-78

-1.0535231036585065e-76 -3.955554583211504e-78
2.2480769735588263e-77 8.440622844712933e-79

-3.777467092481074e-77 -1.4182866250114532e-78
4.859651449872833e-77 1.8246032287855565e-78

1.2609686503356702e-77 4.734428990498969e-79
7.791749886909701e-77 2.9254880001562584e-78

1.0545322430839598e-77 3.959343494973941e-79
8.932996187331031e-78 3.353979982774234e-79

9.288100632710682e-78 3.487307387893539e-79
8.753261052278065e-78 3.286496684614562e-79

8.051058821930414e-78 3.022848052615189e-79
6.803552395365198e-78 2.5544596759341434e-79

8.163347258390366e-78 3.06500783420312e-79
8.737279014744952e-78 3.280496073750535e-79

2.2334620502085563e-78 8.385749698750885e-80
-6.148528532351556e-79 -2.3085246191272293e-80

9.965423289891898e-79 3.741614743054742e-80
-2.923622235516513e-79 -1.0977022993721634e-80

3.618157817934118e-79 1.358472414113372e-80
-1.0870735381269242e-79 -4.081522940592022e-81

1.3296013793088074e-79 4.992117222209553e-81
-4.466046084632815e-80 -1.6768202802156446e-81

4.512540582645812e-80 1.6942770900445672e-81
-1.3764334620814202e-80 -5.167952815192045e-82

1.5502714948394427e-80 5.82064455477003e-82
-2.24749169749971e-80 -8.438425369033433e-82

-6.551253754447382e-81 -2.459731706328648e-82
-3.5655215298850486e-80 -1.338709609699049e-81

-7.41341302796847e-81 -2.7834377602340475e-82
-9.202066801070107e-81 -3.455005152102474e-82

-4.5901841335366875e-81 -1.723429113623043e-82
-1.425772044867505e-81 -5.353199305364813e-83

-2.9636157559695766e-81 -1.1127182541791838e-82
-1.1818537493670955e-81 -4.4373844282678916e-83

-2.0315539238230528e-81 -7.627666072546229e-83
-1.1208095524625208e-81 -4.208188075567282e-83

-1.5179368650846362e-81 -5.6992410540030175e-83
-1.0740689794554748e-81 -4.032696064867266e-83

-6.368807586075549e-82 -2.3912305244384307e-83
1.6661776857094712e-82 6.25582558015658e-84

-2.6239383238414612e-82 -9.851830706789837e-84
7.586282338557223e-83 2.848343218066096e-84

-9.23391809389495e-83 -3.466964028645097e-84
1.088412413655614e-82 4.086549878506784e-84

2.929204403703133e-83 1.0997981785112315e-84
1.771709436359283e-82 6.65205476441233e-84

1.11366659196743e-83 4.181369138207541e-85
1.3888429686278441e-84 5.214545510050509e-86

4.1045511528895905e-84 1.5410935050648132e-85
-9.954730619257621e-85 -3.737600076248924e-86

1.250390328367778e-84 4.694711655589581e-86
-4.790095227885843e-85 -1.798487671213437e-86

3.339982426772166e-85 1.2540287678728449e-86
-3.2752389988706926e-85 -1.2297202204779974e-86

6.380210239374086e-86 2.3955117611155535e-87
-1.4868653910392404e-85 -5.582580193751733e-87

1.6013588095400886e-86 6.012456828375003e-88
-5.220969267622828e-87 -1.9602635047713252e-88

3.9285128954448305e-87 1.4749982354273378e-88
-1.1098289371602073e-87 -4.166960291350003e-89

1.6983064515403856e-87 6.376456144872315e-89
-6.35613254959875e-88 -2.3864715591671353e-89

7.395741914301157e-88 2.7768029693676236e-89
-2.3249094814575194e-88 -8.729097940990291e-90

2.2282927374885384e-88 8.366341013216874e-90
-4.3294446127417615e-88 -1.6255319338722457e-89

-1.5958746585146497e-90 -5.991866051914217e-92
-2.544270525120282e-88 -9.552710236368634e-90

-3.260420531562334e-89 -1.2241564833303067e-90
-7.478831715536383e-89 -2.8079998404141902e-90

-1.7812455065355914e-89 -6.687858863971923e-91
-8.870348017166814e-90 -3.330458120200708e-91

-1.1556203684918877e-89 -4.338888657654302e-91
-6.439518657043985e-90 -2.4177796812515724e-91

-4.613913712990405e-90 -1.732338614177883e-91
-4.125550588987781e-92 -1.5489779468406553e-93

-1.5967394710681383e-90 -5.995113074450027e-92
4.436117838006808e-91 1.6655834300034472e-92

-7.123205235761616e-91 -2.674476432422519e-92
2.3595032160388843e-91 8.858983469744742e-93

-2.3464034796395913e-91 -8.8097992400177e-93
3.741422216094834e-91 1.4047532268832324e-92

-7.898783170615796e-92 -2.9656746837182577e-93
9.770096657816737e-92 3.6682774662503548e-93

-2.9445538258452653e-92 -1.1055612677964222e-93
8.950871309109669e-93 3.36069137046297e-94

-1.0394785525508104e-92 -3.902822955105506e-94
1.3304250058988773e-92 4.995209608054617e-94

-3.4145324542355913e-93 -1.282019298103027e-94
1.0237310591285187e-93 3.843697465057563e-95

-1.1832704356542223e-93 -4.442703514215369e-95
1.5081594724940304e-93 5.662530886053849e-95

-4.210727450125124e-94 -1.580958424751906e-95
1.8070458457487813e-94 6.784728737702023e-96

-2.0132652254989898e-94 -7.558999382441845e-96
6.879098169535796e-95 2.582824068914709e-96

-5.1557217409929895e-95 -1.935765688623998e-96
1.558445060553604e-95 5.851332999294458e-97

-1.558959815010957e-95 -5.853265694786317e-97
4.407330135737362e-96 1.6547748082222445e-97

-7.438410098372745e-96 -2.7928231525487586e-97
2.261632226533208e-96 8.491517355562486e-98

-1.900527311995486e-96 -7.135713961446428e-98
4.376725062120043e-96 1.643283836757441e-97

-2.5534272022648747e-97 -9.58708986802597e-99
7.110039630058396e-98 2.669533278181355e-99

-1.1348803852086988e-97 -4.261018380631746e-99
3.5432802529145455e-98 1.3303589067337646e-99

-4.896959771794826e-98 -1.838610999783456e-99
3.307785371031238e-98 1.241940071292799e-99

-1.9746717296580503e-98 -7.414096362445739e-100
7.006874220141155e-99 2.6307988253145943e-100

-6.929789462932363e-99 -2.6018566062389866e-100
2.4177632723473505e-99 9.0777264967831e-101

-1.8683419288908673e-99 -7.014870821690129e-101
4.634553744570829e-99 1.7400881140447626e-100

-6.42734273861459e-100 -2.413208114687823e-101
6.207857634285132e-100 2.330800305370482e-101

2.6952890163618168e-101 1.011972379601979e-102
9.02966924502354e-100 3.390276819084772e-101

4.5676149082406304e-100 1.7149552792809807e-101
1.0388689274419786e-99 3.900534058559327e-101

2.6938515055680347e-100 1.011432652244408e-101
3.6834118571064515e-101 1.3829726754578858e-102

7.184321130733242e-101 2.6974229874266352e-102
-1.92406542442441e-101 -7.224090085496342e-103

2.2973311876212895e-101 8.625552564337191e-103
-8.178848781297514e-102 -3.0708280311944477e-103

8.208950065794762e-102 3.0821298501522065e-103
-2.541458336978533e-102 -9.542151603478351e-104

3.5446022538363243e-102 1.330855264790554e-103
-1.5407189551865735e-102 -5.78477861896472e-104

8.596599359597424e-103 3.227676533984292e-104
-2.3586558590951307e-102 -8.855801985987197e-104

2.305695742583342e-103 8.656958096500438e-105
-1.4659382363789643e-103 -5.5040071636562565e-105

6.416549104157677e-104 2.4091555400364185e-105
-8.009618416785832e-104 -3.0072888509298525e-105

2.2519405060729017e-104 8.455128851928488e-106
-8.705116471334808e-105 -3.2684203351595167e-106

7.586375435520094e-105 2.848378172222947e-106
-2.1270226555693784e-105 -7.986112677182778e-107

2.7922358173813378e-105 1.0483719954973266e-106
-3.2067180981193555e-105 -1.2039933842964713e-106

8.776664265891627e-106 3.295283647952098e-107
-1.4911875358206949e-105 -5.598808105166496e-107

3.9935650665130533e-106 1.499422703435982e-107
-1.4699298876905845e-106 -5.51899420531242e-108

1.7852772176469165e-106 6.7029963140280235e-108
-9.641245814633185e-107 -3.619899168561821e-108

5.2942119430917196e-107 1.9877631770264037e-108
-8.408214537650013e-107 -3.1569456270612383e-108

1.6098968472229257e-107 6.044513718224587e-109
-5.345105416040956e-108 -2.0068716246229316e-109

4.588169500812486e-108 1.7226727002441574e-109
-1.0199956591008148e-107 -3.8296725436786136e-109

-4.679883665027937e-108 -1.7571076719451118e-109
-1.6020763197225053e-107 -6.015150789884432e-109

-1.2354431294574288e-108 -4.638590948838399e-110
6.882386243803576e-110 2.5840586082612718e-111

-3.652218274235203e-109 -1.3712607424908077e-110
1.3048573316382972e-109 4.89921329743523e-111

-5.111752305296387e-110 -1.919256937910608e-111
1.423651577983983e-110 5.34523780696905e-112

-2.0539072370944097e-110 -7.711593753347352e-112
5.8757564185305245e-111 2.206109685724225e-112

-9.316960487026481e-111 -3.49814309985972e-112
4.648027401443241e-111 1.7451469290825344e-112

-3.377482982759922e-111 -1.2681087150135583e-112
2.8292934627925486e-111 1.0622856475701008e-112

-1.4142867975099498e-111 -5.31007683119529e-113
8.135555483255707e-112 3.0545731429155914e-113

-2.1154074091289326e-112 -7.94250210885913e-114
1.2096138704072495e-111 4.5416124927778734e-113

4.44187045353714e-112 1.6677433052494114e-113
1.3073061738267523e-111 4.908407712734208e-113

1.7989795899337779e-112 6.75444319859272e-114
-2.617182651902096e-113 -9.82646588184233e-115

8.023581840280612e-113 3.012531553592023e-114
-3.385805764005679e-113 -1.2712335838832962e-114

2.913273633058417e-113 1.0938168162972476e-114
-2.5507341429590722e-113 -9.576978515894306e-115

1.1909973339653231e-113 4.471714902691178e-115
-3.446423425030258e-114 -1.2939930721239122e-115

3.590417934529718e-114 1.3480572060788244e-115
-6.313577789238296e-114 -2.37049396201746e-115

-5.351672785540966e-115 -2.0093374071420975e-116
-5.8809603555562946e-114 -2.2080635543087433e-115

-2.368091963799228e-114 -8.891230755494323e-116
-4.9053611331876755e-114 -1.8417653723308902e-115

-3.878634367373979e-114 -1.4562708587206104e-115
-6.190528379078848e-114 -2.3242938685759925e-115

-5.607718067855814e-114 -2.105472089566535e-115
-8.243839676981606e-114 -3.095229492766337e-115

-2.9993310283261473e-114 -1.1261278992804688e-115
-1.5221121220330575e-115 -5.714917460814645e-117

-1.5181315367005905e-114 -5.699971967449546e-116
2.8161856825207663e-115 1.0573642044475214e-116

-5.501408030552754e-115 -2.0655569558750947e-116
1.7442868821035543e-115 6.549094127105992e-117

-1.855082126131632e-115 -6.965085607303617e-117
5.172880968557045e-116 1.9422082868925718e-117

-6.905938721777296e-116 -2.5929016143492664e-117
7.641498121856732e-116 2.869074518968511e-117

-2.0001846129689561e-116 -7.509886955135101e-118
5.7616408873249354e-117 2.1632639037087784e-118

-6.116307657940833e-117 -2.296426979596792e-118
1.912153187095786e-117 7.179364436103442e-119

-1.7019963673102274e-117 -6.390310291197499e-119
4.791283449225453e-118 1.7989338004297203e-119

-4.609838713930558e-118 -1.7308086162925194e-119
1.291257710618611e-118 4.848152202460137e-120

-1.8932010887600705e-118 -7.10820694636925e-120
1.1209605346295823e-118 4.208754952744267e-120

-4.741624917398556e-119 -1.780289023444639e-120
1.3060832942832275e-118 4.9038162929862136e-120

-7.043920226083109e-120 -2.6447081072358406e-121
3.7476464972842964e-119 1.4070901935715425e-120

-6.6903670790086666e-121 -2.51196315209791e-122
6.328142449011293e-120 2.3759624046665033e-121

7.132835198593975e-121 2.6780920952860476e-122
2.3992563917590497e-120 9.008240620224913e-122

2.9505725518535747e-121 1.1078210568000594e-122
-2.3667097904226167e-122 -8.886041251613835e-124

1.3474761138945379e-121 5.059229645343639e-123
-6.72725652473986e-122 -2.5258136519709132e-123

3.222203180335144e-122 1.2098074084709146e-123
-1.0024460919218899e-121 -3.7637809930833706e-123

-3.3712312530929244e-122 -1.2657614425283712e-123
-1.2136498211762464e-121 -4.5567658610395554e-123

-2.168651903317172e-122 -8.142413721889455e-124
-8.987112915282246e-123 -3.374298632695857e-124

-1.5220884181549997e-122 -5.714828462307487e-124
-7.480335193502489e-123 -2.8085643357858524e-124

-4.8432948169011825e-123 -1.8184619724341528e-124
8.872092107041541e-124 3.3311129556450914e-125

-1.0980915381089279e-123 -4.122891089211915e-125
3.062852546152722e-124 1.1499776686969092e-125

-4.704082645072473e-124 -1.766193413500454e-125
2.0224695950535926e-124 7.593558079874154e-126

-1.7540112110619347e-124 -6.585605062505903e-126
1.566459875517251e-124 5.8814253987425123e-126

-5.738154450716998e-125 -2.154445693491539e-126
8.51892547021486e-125 3.198513119525123e-126

2.551278697814776e-125 9.579023099869564e-127
1.343734787952062e-124 5.045182474543445e-126

9.368317896442208e-125 3.517425736898324e-126
1.8700339320873247e-124 7.021223611652987e-126

6.01286244142038e-125 2.2575874706294247e-126
2.4678828974595414e-125 9.265905486055307e-127

4.5406185971642827e-125 1.7048192526825122e-126
2.8227942976980076e-125 1.0598454730558949e-126

3.661036548211297e-125 1.3745716489076715e-126
2.84171301690239e-125 1.0669486895109981e-126

1.4249602401492528e-125 5.350151305883065e-127
-2.7405653350439357e-126 -1.0289718121964865e-127

5.950417636423983e-126 2.2341419634788456e-127
-3.2742690167919406e-126 -1.2293560313070217e-127

2.5546668310028655e-126 9.591744174247651e-128
-1.6707323496954653e-126 -6.272926507456813e-128

6.385154350947453e-127 2.397368075716155e-128
-7.373205130167405e-127 -2.768341315374317e-128

1.971504095750634e-127 7.402203173984183e-129
-1.9985952327351466e-127 -7.50391947303009e-129

6.090215585049741e-128 2.286630457987403e-129
-7.293362902601476e-128 -2.738363777332152e-129

1.904542331101822e-128 7.150788739752284e-130
-1.5159635127349695e-128 -5.691831911380595e-130

5.47087856787419e-129 2.0540943732699494e-130
-1.7004512093241115e-129 -6.38450884580676e-131

1.6041946482259963e-129 6.023104259525143e-131
-4.727571376033182e-130 -1.775012485154678e-131

5.739396104580932e-130 2.154911884466866e-131
-2.5670906822018174e-130 -9.63839072749408e-132

2.320086918734312e-130 8.710991161920738e-132
-9.701180622161776e-131 -3.642402272840252e-132

9.823421814813987e-131 3.688298913186682e-132
-3.1965095555725967e-131 -1.2001604880725057e-132

3.533288015535115e-131 1.3266072243809537e-132
-3.7330090614889094e-131 -1.401594426459666e-132

2.3993972567880547e-132 9.008769511626695e-134
-3.683778361733926e-131 -1.3831102831718453e-132

-1.6045436031886957e-131 -6.0244144447477044e-133
-4.0839119164663107e-131 -1.533344303747386e-132

-5.706633091059736e-132 -2.142610693553867e-133
9.486435120039006e-133 3.5617739931000173e-134

-2.4986198363302524e-132 -9.38131030157546e-134
7.865313282513678e-133 2.9531080898939583e-134

-7.808217299139405e-133 -2.931670849653589e-134
1.4257347298460872e-132 5.353059202500921e-134

4.8498180982916084e-133 1.8209112016453454e-134
2.140629343530765e-132 8.037200305675303e-134

1.431889749668011e-132 5.376168820867923e-134
2.7354718967953e-132 1.0270594314486191e-133

1.2752779562877177e-132 4.788154666323862e-134
1.2147836940695483e-132 4.561023096694193e-134

6.823173138474433e-133 2.561826474067208e-134
1.3720509750148558e-133 5.15149834282042e-135

3.196898556626652e-133 1.2003065422878234e-134
-8.74725103030585e-134 -3.284240163625618e-135

1.4902975348770517e-133 5.595466510379004e-135
-5.794451850766392e-134 -2.175583097883996e-135

3.708321723683518e-134 1.392325326250634e-135
-1.0596096842298797e-133 -3.978407239780278e-135

-4.092171218577464e-134 -1.536445338760899e-135
-1.4432157776519492e-133 -5.418693490470205e-135

-1.1227111572489583e-133 -4.2153278350109264e-135
-2.1055861269744207e-133 -7.90562715328922e-135

-1.8893887563194858e-133 -7.093893174791103e-135
-3.0296761963118997e-133 -1.137521286657315e-134

-8.296630115842014e-134 -3.1150501745965635e-135
2.0417759304240103e-134 7.666045586882093e-136

-3.955378445341314e-134 -1.4850851664736994e-135
1.4898603472546743e-134 5.593825047085592e-136

-9.900388545134994e-135 -3.717196817923546e-136
2.596595710893583e-134 9.749170216870455e-136

9.868589768229153e-135 3.70525765899161e-136
3.3943602837050537e-134 1.2744454612010827e-135

3.2192783249629035e-135 1.2087092431784122e-136
1.0597506060613979e-135 3.978936344452593e-137

6.3974135660130095e-136 2.4019709168091255e-137
-1.7805914254343004e-136 -6.685403053094094e-138

2.160532535926295e-136 8.111928770221815e-138
-3.2685178550158276e-136 -1.2271967018871637e-137

4.861349746459139e-137 1.8252408706960436e-138
-1.4523328424604816e-136 -5.452924393773219e-138

-6.979688545276627e-137 -2.620591700246843e-138
-2.276288155033178e-136 -8.546544459332639e-138

-5.375534411873954e-137 -2.01829648597735e-138
-3.523066155147339e-137 -1.3227693278445219e-138

-1.4807811921547796e-137 -5.559736479457256e-139
4.069560862134443e-138 1.5279560613311343e-139

-4.651707443126418e-138 -1.7465286363935336e-139
8.164702154114396e-138 3.0655165429321752e-139

-1.8447840715651907e-138 -6.926420563511997e-140
1.650662657552567e-138 6.1975729034743225e-140

-6.532042109956187e-139 -2.452518508236047e-140
2.5820017949865485e-139 9.694375945389733e-141

-2.7424290968822648e-139 -1.0296715796392707e-140
1.187796546626028e-139 4.4596972364569365e-141

-6.243643187657076e-140 -2.3442363381600427e-141
2.113857242855306e-139 7.936681859367607e-141

-2.3772075773580734e-140 -8.925456209939767e-142
1.3255569128701584e-140 4.97693188104096e-142

-1.0622391754235757e-140 -3.988279919275031e-142
5.475017050599802e-141 2.055648206712803e-142

-4.838107822717135e-141 -1.8165144652037407e-142
2.3365133648256582e-141 8.772665845557823e-143

-2.0426882836047327e-141 -7.669471105309717e-143
6.4109486618238625e-142 2.407052799691703e-143

-8.535257840972432e-142 -3.2046452663931364e-143
4.608087829151049e-142 1.7301512296352932e-143

-2.6676254764796443e-142 -1.0015858354826519e-143
4.792245681625975e-142 1.7992950799089083e-143

1.7493459078475185e-142 6.568088729501171e-144
7.593001880786537e-142 2.8508661353110906e-143

4.77954858086629e-142 1.7945278303887927e-143
8.956107174252652e-142 3.3626572267684905e-143

3.71165406051364e-142 1.3935764844051553e-143
2.6711628170529327e-142 1.0029139642791121e-143

2.5517515274595204e-142 9.580798384589796e-144
1.2592743699851437e-142 4.7280676507404943e-144

1.658502910955452e-142 6.227009894626794e-144
5.805863377268815e-143 2.179867666091504e-144

8.850862475348686e-143 3.323142084702536e-144
-6.789981930795769e-144 -2.549364513508414e-145

3.966363071733851e-143 1.4892094508981192e-144
-2.0113847026356992e-143 -7.551938777121558e-145

9.808811935867809e-144 3.682813492560875e-145
-1.4166831097542168e-143 -5.319074017728458e-145

2.3809226970611567e-144 8.93940498687468e-146
-8.790184856321252e-145 -3.300360084648732e-146

5.5161420115967074e-145 2.0710889718361116e-146
-1.7568797131236708e-145 -6.596375131465802e-147

1.1192163634667573e-145 4.202206293096412e-147
-3.1935760795936374e-146 -1.199059086089671e-147

3.499603287135467e-146 1.3139599666850605e-147
-6.39036748476421e-146 -2.3993253973249693e-147

1.0806540772727104e-146 4.057420452743908e-148
-1.8183333920513499e-146 -6.827108924102571e-148

4.2234734292151536e-147 1.5857440261147997e-148
-2.175904488847813e-147 -8.169644257068255e-149

6.610168650966128e-148 2.4818518751350933e-149
-3.8087194612469373e-147 -1.4300206297123203e-148

7.942780798672983e-149 2.9821940195266316e-150
-4.57683628500922e-148 -1.7184175345475101e-149

1.0850839507713997e-149 4.074052842066921e-151
-6.641886534231837e-149 -2.4937606617659457e-150

-2.6295512882983185e-149 -9.872905125761375e-151
-7.533057532699046e-149 -2.8283594489373734e-150

-1.5935104529526888e-149 -5.9829894130310305e-151
-1.0025650529439856e-149 -3.7642276437686246e-151

-9.205630808627753e-150 -3.45634329327662e-151
-2.1121427168584777e-150 -7.930244505368244e-152

-3.777138086806906e-150 -1.4181630966428908e-151
9.192571020185402e-151 3.4514398691514595e-152

-1.2603478410129082e-150 -4.732098101737794e-152
1.872732537529963e-150 7.031355787292829e-152

5.168105069114457e-151 1.940415129166511e-152
2.813247663692134e-150 1.0562610968077563e-151

1.9718048586564983e-150 7.403332417459351e-152
3.983956695606471e-150 1.495815147470218e-151

1.389773934895731e-150 5.218040913117566e-152
1.1093407110727576e-150 4.165127199193642e-152

3.745813557810024e-151 1.4064019986840245e-152
-6.451372165406024e-152 -2.422230195831247e-153

1.469549492451099e-151 5.517565974523977e-153
-8.572628550857569e-152 -3.218676461556363e-153

1.7485877765695763e-152 6.565242252152235e-154
-1.5041757571028046e-151 -5.64757364057982e-153

-2.289467974202494e-152 -8.596029367580064e-154
-7.5803268301869766e-152 -2.846107164737267e-153

-1.372724726393757e-152 -5.154028007661656e-154
-4.303805018918307e-153 -1.6159052999134954e-154

-9.137288959493173e-153 -3.430683683759687e-154
-4.728346885803255e-153 -1.7753036578128446e-154

-2.1927739228013672e-153 -8.232982181561265e-155
5.99103413159074e-154 2.24939182017899e-155

-9.445249737399553e-154 -3.546310542085504e-155
4.086440420616254e-154 1.5342936551326795e-155

-2.0988296480281847e-154 -7.880259298356233e-156
7.399735717943208e-154 2.7783024816465543e-155

1.8861964904514518e-155 7.081907503246461e-157
3.178581972696897e-154 1.193429403356506e-155

2.10467598974035e-154 7.902209954848026e-156
4.715487173317683e-154 1.770475354144474e-155

8.63018328702831e-155 3.2402859449796627e-156
-1.8503653086458957e-155 -6.947375858975293e-157

3.0548345433323983e-155 1.1469672318404219e-156
-3.946963073804578e-155 -1.4819255336819765e-156

-1.0356286974242875e-155 -3.888368300966896e-157
-6.424395295736155e-155 -2.412101468697236e-156

-3.3275570977602167e-155 -1.2493635576889898e-156
-6.472215994820476e-155 -2.430056213569796e-156

-5.719084732807478e-155 -2.1472857831093538e-156
-9.313364022289964e-155 -3.496792772323241e-156

-1.979559014465255e-155 -7.432446146851479e-157
4.717402346631973e-156 1.771194424524106e-157

-6.962355396709604e-156 -2.614083801652338e-157
9.486707345376206e-156 3.56187620274084e-157

-2.4137433571808015e-156 -9.062633335744724e-158
2.9221674941488165e-156 1.0971561026286455e-157

1.9270101652740494e-157 7.235146400373293e-159
3.598961200558642e-156 1.3512648580969876e-157

1.256234837663541e-156 4.7166554320964204e-158
2.749136681864296e-156 1.0321900074199067e-157

5.2531924171115426e-157 1.972361998501834e-158
-6.346779952112131e-158 -2.382960035810442e-159

2.4004527419814154e-157 9.012732433065836e-159
-8.792962021008529e-158 -3.3014027980423896e-159

9.06519367911439e-158 3.403614812109899e-159
-2.9075325497174792e-158 -1.091661270923542e-159

3.4197577926107445e-158 1.283981202031559e-159
-9.646909194284224e-159 -3.6220255393321795e-160

1.5437649749337448e-158 5.796215195276755e-160
-7.614096204389708e-159 -2.858786203520182e-160

5.287043509678494e-159 1.9850717192364756e-160
-7.380443057381201e-159 -2.771058865285094e-160

1.2435248395007732e-159 4.668934512345581e-161
-3.652298902238839e-160 -1.3712910150560922e-161

5.6838943409137115e-160 2.1340732094641256e-161
-1.7821304100261817e-160 -6.691181319877966e-162

2.4928967904512617e-160 9.359822571237178e-162
-1.0152528279067239e-160 -3.811865124361438e-162

1.0366938316718925e-160 3.892367450715222e-162
-4.217899717110431e-161 -1.5836513218936238e-162

2.6547476681668607e-161 9.967507375605989e-163
-7.227583162430372e-161 -2.7136661364534006e-162

-2.1479687657996805e-161 -8.064756877802791e-163
-8.260611268545973e-161 -3.101526549342493e-162

-4.46625581932173e-161 -1.6768990271370087e-162
-8.039667073532883e-161 -3.01857091028882e-162

-2.6790765558785874e-161 -1.005885254208442e-162
-6.782598386630519e-162 -2.5465922903021345e-163

-1.2899435485512386e-161 -4.843218053630734e-163
2.1627790820281262e-162 8.120363645260291e-164

-6.09156385354263e-162 -2.2871366784583113e-163
1.8898333207151768e-162 7.095562334894765e-164

-2.1665822337709335e-162 -8.134642947018997e-164
1.8473548046986555e-162 6.936072630175732e-164

-6.510438909962283e-163 -2.4444073774548476e-164
3.016006940145659e-163 1.132389031969241e-164

-2.2176937115967335e-163 -8.326545943418865e-165
6.3859400808863444e-164 2.3976630856357456e-165

-8.206960868127299e-164 -3.0813829866118553e-165
8.300064437999423e-164 3.1163396241304953e-165

1.0549626803673694e-165 3.960959613465555e-167
1.0551578650764175e-163 3.9616924533698515e-165

4.645067082004253e-165 1.7440354484625118e-166
9.760128294289762e-165 3.6645347475667985e-166

8.405999246104569e-165 3.156113874383461e-166
1.3740880769530747e-164 5.1591468394506444e-166

4.5765633501767115e-165 1.7183150585198007e-166
1.4671909119710244e-165 5.50871045555584e-167

2.803121368052996e-165 1.0524590809822626e-166
7.645293181768044e-166 2.8704994109878424e-167

1.5476298027085768e-165 5.8107260656743525e-167
1.8335796214562556e-167 6.884352369822901e-169

7.335491067951259e-166 2.754181205251195e-167
-1.8009744388026852e-166 -6.761933051979723e-168

3.056866595095021e-166 1.1477301853660802e-167
-2.3398512772689057e-166 -8.785198361282819e-168

8.547236426288944e-167 3.209142742327424e-168
-1.4331897674674512e-166 -5.381049863672753e-168

2.6761936176079965e-167 1.0048028270979459e-168
-1.1974836196591312e-167 -4.496068290875146e-169

1.1809943241516903e-167 4.4341576330149776e-169
-6.251280318639236e-168 -2.3471037729940975e-169

5.735313803100206e-168 2.1533791448168276e-169
-1.913889855474886e-168 -7.185884925822784e-170

1.560732439407052e-168 5.85992118485573e-170
-5.69954069344949e-169 -2.1399477841429863e-170

4.966268198343843e-169 1.8646335201571573e-170
-1.500242372863556e-169 -5.632805368293198e-171

2.058643278921939e-169 7.729375681329884e-171
-1.2566440815899248e-169 -4.718191978075381e-171

7.971548524980594e-170 2.9929951411393825e-171
-4.394296618856984e-170 -1.6498812480096131e-171

2.9218423689081017e-170 1.0970340312064299e-171
-3.378391448144424e-170 -1.2684498071455597e-171

1.0724703742011663e-170 4.026693946528839e-172
-3.719291763683583e-171 -1.3964441340726564e-172

2.946428169420147e-171 1.1062650082547382e-172
-7.063809994496823e-171 -2.652175913526445e-172

-1.516376086557835e-171 -5.693380959778577e-173
-7.234905191796617e-171 -2.716415263332299e-172

-4.674721988661135e-171 -1.75516967053453e-172
-9.019296353454403e-171 -3.3863822164277537e-172

-4.1069708808636815e-171 -1.5420020153808008e-172
-3.764798955299656e-171 -1.4135302501474672e-172

-2.3515736948926282e-171 -8.8292113141994e-173
-6.313948284599465e-172 -2.3706330680910635e-173

-1.197228784909505e-171 -4.495111489113187e-173
-1.9145672105250275e-172 -7.188428120996904e-174

-4.4790722007660695e-172 -1.6817110617460564e-173
9.384708700666817e-173 3.523579823177786e-174

-1.847355240103102e-172 -6.936074264943925e-174
1.1099250784929843e-172 4.16732126330039e-174

-6.376009545720651e-173 -2.3939345699770023e-174
2.0586019764189853e-173 7.729220607080168e-175

-1.7298796814586174e-173 -6.49500089617028e-175
3.987440265918252e-173 1.4971230877009442e-174

1.6902719894105056e-173 6.346289978234758e-175
6.125135441265974e-173 2.2997414563909104e-174

5.728644470921534e-174 2.150875079421897e-175
-6.122725478603192e-175 -2.298836612555685e-176

1.7919280471616647e-174 6.727967497932657e-176
-5.758921709880578e-175 -2.1622429621874046e-176

5.659766263890992e-175 2.125014089135407e-176
-6.74344755598712e-175 -2.531892731550151e-176

1.967306916274575e-175 7.38644445691816e-177
-1.849506399903328e-175 -6.944151002869706e-177

2.501956332418745e-176 9.393837499459296e-178
-1.9719972512175114e-175 -7.404054773973289e-177

5.523122288672214e-177 2.0737097845057416e-178
-1.3402485258858199e-176 -5.032092965783263e-178

8.070418912303188e-178 3.0301169861525306e-179
-4.759945873801388e-177 -1.7871678040633505e-178

-2.6951433885499535e-177 -1.011917702228825e-178
-7.349518629516762e-177 -2.759447989173546e-178

-5.362895242965619e-177 -2.0135509875322103e-178
-9.416037521058017e-177 -3.5353425323822356e-178

-4.71168957254809e-177 -1.7690495081352918e-178
-4.401264609734548e-177 -1.652497447707162e-178

-1.0366784051539038e-177 -3.892309530358547e-179
2.678159996585275e-178 1.0055411231399496e-179

-3.332193693716291e-178 -1.251104412571136e-179
1.074984694525585e-178 4.036134205834383e-180

-7.463988031241581e-179 -2.8024266353045816e-180
2.091595864395054e-179 7.853099356723624e-181

-2.470363635177437e-179 -9.275219656210388e-181
8.213883961997912e-180 3.083982329293079e-181

-1.0687574482864418e-179 -4.0127534063849073e-181
5.165473860139096e-180 1.9394272162592708e-181

