0.49656886333032163 -0.1382238586428678
0.583812993451764 1.3728274738246888

0.155788494361195 -0.24266991157785162
0.18956882807986256 0.31334177325220874

0.03479873546321163 -0.11143209444316778
0.014626510760315008 0.012014941660329589

0.006887692604748946 -0.025727766130676174
3.4108674935183845e-05 -4.1003284514917695e-05

0.0022480564000374867 -0.008405080713836319
0.00014586719130749233 -0.0005406079349907454

0.00048199278268151724 -0.0018023743023200672
4.645389322952091e-06 -1.7348197797018243e-05

0.00022761680875173687 -0.0008511582634927275
0.0001137167149728468 -0.00042522235110325617

8.832756640936682e-05 -0.00033029693991603806
0.00027939115508162076 -0.0010447466001876997

5.03336150366534e-06 -1.8825211409855002e-05
0.0004822550823636605 -0.0018033345707859144

-5.922327992873158e-05 0.0002214566606717131
0.00014656599134466709 -0.0005480662619413106

-4.0116386224834483e-05 0.00015000977167794197
6.530189073765822e-06 -2.44189145312479e-05

-2.0752062614396643e-05 7.759953859145866e-05
-9.68432266625671e-06 3.621306031891822e-05

-7.855643057215765e-06 2.9375136561227806e-05
-3.195197088612982e-06 1.1947981219802925e-05

-2.9642306664463563e-06 1.1084352048078741e-05
-5.244457670696619e-06 1.9610926616891863e-05

-4.782752117624331e-07 1.7884506018031301e-06
-7.323906537689465e-07 2.7386748635373053e-06

-8.693791886351808e-08 3.2509429788222704e-07
-1.3419436565685567e-08 5.018018602650672e-08

-3.933031499538447e-08 1.4707119882268523e-07
-7.452934427605653e-08 2.786935040951371e-07

-8.927903901479598e-09 3.3384928750234645e-08
-1.38962752080753e-07 5.196346152174585e-07

1.0442992327205769e-08 -3.9050288087634507e-08
-3.263772510837754e-09 1.2204488471359645e-08

5.2558913706185225e-09 -1.9653762212820792e-08
6.681692422101945e-10 -2.4985302068861406e-09

1.8471051731742184e-09 -6.907024318387607e-09
4.1804995567698687e-10 -1.5632456326833215e-09

7.343025467511469e-10 -2.7458348722714804e-09
8.943364394893046e-10 -3.3442610926583896e-09

2.2011761450041823e-10 -8.231031183460827e-10
3.685268029407069e-10 -1.3780607511001586e-09

5.6337242935521395e-11 -2.10666356067403e-10
2.2486066850675164e-10 -8.408389380833227e-10

-3.0948246811942005e-12 1.1572651658493873e-11
3.1736958717463867e-10 -1.1867647853969506e-09

-4.329769981401146e-11 1.6190642529392662e-10
3.0633219114220087e-10 -1.1454918194408532e-09

-6.378308979302221e-11 2.3850905739952085e-10
4.321766928167099e-10 -1.6160719880517092e-09

-6.932652081981034e-11 2.592380541663135e-10
7.868664768624853e-12 -2.942391156769274e-11

-3.49638918140923e-11 1.307432016334583e-10
-1.12809327487214e-11 4.218366912904764e-11

-1.360160760595067e-11 5.0861549902548413e-11
-4.047604724954085e-12 1.5135523248238937e-11

-5.8241250907362425e-12 2.1778604244964188e-11
-4.005824506565588e-12 1.4979291294392585e-11

-1.511952162661945e-12 5.65376040260046e-12
-1.198462033039951e-13 4.4815023461518747e-13

-4.156487804718276e-13 1.5542678363956908e-12
-4.8294436478642223e-14 1.8059114516407045e-13

-1.9943546256433686e-13 7.45764548026984e-13
-1.0217992818293643e-14 3.8208935847143234e-14

-9.503398628569449e-14 3.5536798179431036e-13
-2.1031395801339856e-14 7.864433527641594e-14

-2.9718178625640635e-14 1.1112749841999208e-13
-1.7348507401796444e-15 6.4872624031036154e-15

-1.2521182637966249e-14 4.682143281205875e-14
-6.565000745140308e-15 2.4549018266642184e-14

-5.281709926199253e-15 1.9750309023727443e-14
-8.789395389405348e-15 3.286687029351392e-14

-1.3270111407645851e-15 4.962196045269372e-15
-1.296502006643753e-14 4.8481108653970715e-14

1.1208341959105507e-15 -4.191222547788824e-15
-7.106699653307943e-15 2.6574635156569174e-14

1.5003776381433734e-15 -5.61047888272093e-15
-6.2418729500432e-15 2.334072135211951e-14

1.3613357876076238e-15 -5.090548868828391e-15
-9.995599110800956e-16 3.737732175261474e-15

8.08753167630957e-16 -3.0242336682269854e-15
-6.19680242912098e-16 2.3172185645222316e-15

4.1121613115379413e-16 -1.5376924858251837e-15
-2.5828017948427358e-17 9.658071781292795e-17

1.9974242115120064e-16 -7.469123821649502e-16
1.698943001037524e-16 -6.352989799330731e-16

7.214165910584953e-17 -2.6976492096937143e-16
2.1464912361952113e-16 -8.026541749531325e-16

4.236702487879897e-18 -1.584263137249999e-17
1.5478522633992563e-18 -5.788004444081993e-18

1.2240384493527563e-18 -4.577142245493902e-18
1.951622942564728e-19 -7.297855571781261e-19

5.068833578592983e-19 -1.895428392811074e-18
4.2134212374199486e-19 -1.5755573980581255e-18

1.8621276875924512e-19 -6.96319899909255e-19
5.113496902111408e-20 -1.9121296970066966e-19

