-0.08812316297495346
0.1115842113857452
-0.10235349587572792
0.05154479079681164
-0.058047910337353056
-0.07625881230495152
-0.07433682329235115
0.017140703098882888
-0.029099054082600165
-0.19026094868258317
-0.0044347380703009
-0.11419533345005989
-0.010463811100575735
0.01739531858221454
0.07784215416938985
0.04881644280113206
0.2143248810372958
0.0032302476946976023
-0.09163440321374479
0.019182965818986767
-0.2067545155814022
0.036529412572803996
0.14119253379423197
0.049642389995367284
0.15273524007093134
0.04777598395271726
-0.014081124138781726
0.14681485646475434
0.07456051283902326
-0.01949678305123195
0.03957777392397147
0.08414708968190894
0.043275070808815146
-0.06353204235542877
0.09966477176267621
0.06268210561202545
-0.010007211408499535
0.15804621545310615
0.020691151143487668
0.03522831265676411
0.05438533117013059
-0.00839422755751112
-0.15214924306399538
-0.15869710710458007
-0.01877914728555232
0.02689361321193652
-0.08900638333948634
-0.10188640171876144
0.019527375757852815
-0.0068091506851229175
