0.4788338623329304
0.6066890301689455
0.08921812223485072
0.40105457224482066
-0.8255197199316328
0.8437123581516408
-0.42844041923251863
-1.110391520412536
0.9801436648080888
-1.0621878610061755
-0.75601333496085
-0.6041995707214752
-0.18779128180809632
0.3257566940971774
1.1491552338583926
0.3433938145475678
-0.9973155547558258
0.8518449668613851
-1.09923465427455
0.9906103696038527
-0.7147765576182651
0.27908395061839353
0.7588030039510378
-0.04840218493666546
0.5080643335309237
-1.0598387441686217
-0.9676271917610619
0.13564183244210942
0.6481105497557215
0.5214808964665993
0.08302610611347337
-0.3560565476700569
0.06184990560861894
-0.7673187446958998
1.4047786511770546
0.9389761515235298
0.4913254838499131
-0.8604339743220978
0.04006821709551948
-1.0329501355227009
0.4601988868356049
-0.5653199663351138
-0.08977662075113098
0.7340976933388508
-0.3602767367266087
0.3530383441734569
-0.03272742368408306
-1.1936618117584707
0.3003842888584243
0.43162745598665836
0.43184722324289193
0.5344023654821365
-0.7518582166050147
0.5691951784361263
-0.9400345619891969
0.6109593790846117
0.5029837328550987
-1.1434670747453486
0.8816097009905067
-0.7291222361506791
0.4182117591537015
-0.9435911405128226
-0.855360716550811
0.557184760246706
0.3642450394944787
0.0790945734458396
-1.849303243052068
0.5307243266990882
0.730143378237749
0.9833496477627324
0.27952127322350717
-0.9016316764978558
0.21197103104145057
-0.9349613563727247
-0.054858875051834566
0.5227032201563818
0.6213077666449923
0.2487911104377137
0.32892483972456293
-0.27068212357856036
-0.7583413774027923
0.24992316878886828
-0.015679896022417497
0.09816981525480739
0.734410760714238
-0.05470373403598499
-1.0017821893564778
0.04548581159497683
0.6782348675926332
-0.0036547789637595184
0.9001668906487432
-0.5828614592259743
1.4658884393989446
0.692809503061537
-1.1383359318631376
0.3186795088225095
-1.124511573704858
0.6874378300994017
-0.002497820683987814
-1.216363173472675
-0.5590630467052761
0.6265690254550617
-0.17844871001239407
1.3311644918524057
-0.6569426182264919
0.10991022752954932
-1.04875540618822
1.4505627566187391
-0.11712264377592962
-0.9457122446658577
-0.6324722475119731
-0.47387517297215687
-0.05538189047265327
-0.6853328959166175
0.5116848827836233
0.2669644195417191
0.65241845538047
-0.6529513407420632
0.5116997133662216
0.5917818679402229
-0.5089781943193032
1.3471481833361174
-0.4385527420696529
0.5223055384006122
-0.48004843200855657
1.46060111156613
0.17018792581666803
-0.8205149652283643
-0.9079514459545847
-0.3814119809109144
0.5555057721515939
0.01702378231649157
0.5569329905818343
0.5228672905914136
-0.591025228250676
0.8772926950238801
-0.49520520915967065
0.7604925150033938
-1.432394728316864
-0.761697603661654
-0.6111886791199509
0.6330367825669123
-0.5628792201872138
-0.48001978841323834
0.2626874464523191
-0.05445908794751055
-0.7163379071074178
0.8965915546049942
-0.43680103853240076
1.0529158981981221
-0.5278013229815874
0.2583183597652891
0.1130151879736741
-0.027001196288036346
-0.154395963321413
0.12886129144230257
-0.3262732616832103
1.6936485704676423
-0.6709517525708307
-0.5131841953769056
0.478869560621634
-0.15138909088693625
-0.2515481917384962
-0.16578172125082372
0.0962177125221089
1.6733302450311607
-0.1187294427798822
0.24373236693818834
-0.8049817625382656
-1.0322460240796214
-0.7488625715693665
0.5721249628915311
1.267746806158667
-0.5359611156978422
0.5537383391770723
-0.5568652506850437
0.5606135629904556
0.299586484184664
-0.5192148295309905
-0.9606458705925212
-1.2591939519848387
0.6150071142005402
0.4980680632973712
1.2094032765821696
-0.6834081246308699
-0.6225316288491978
0.6764449511143548
0.11367093263847065
-0.1257697763182251
-0.426791450000983
-0.5850526035829259
1.0203622447710141
0.7321632072431333
-0.6913653149897391
-0.768419858269275
0.07083046721469376
1.0635239727517591
-0.0343869394537552
-0.47901365365689735
-0.2929566137384522
0.6105476232423273
-0.5244547703044768
1.4798038689732627
0.559104562025958
-0.7821676704088004
-0.2996918207477134
-0.7242649174878553
-0.6665878651370669
0.06153801509396576
0.26109879385016715
0.48292456300640607
0.2875002200131424
0.8760135479263841
-1.276852110299681
-0.2854013200308955
-0.6588083959110707
0.5606285789749991
0.0067900222648396074
1.082304395398655
-1.084726955124027
0.6400441117157227
-1.3293441651378988
-0.19338260007531857
0.7515769356334102
0.10703513592032528
0.3964815992433583
-0.42008040894176524
0.2220040746538458
-0.6459849014709899
0.48467731624792565
-0.1416597728598349
-0.33078754225180296
-0.7263530203224187
1.238670705106473
0.23363597876508402
-0.7042577662804478
0.5685210868916318
0.040046539201658904
-1.1739455401776724
0.968762507730808
-1.600615267683861
-0.14078961878549262
-1.6385843245634506
0.1645702533599125
0.5024332653638959
1.0712825609124401
0.03035749802327803
-0.11696163502902485
1.3586697594098402
0.381944601554362
0.8228970673590651
-0.4215172348865002
-0.5656158197157503
-0.6757240830687505
0.4701930378075574
-0.4557716916266081
1.0713029348636136
1.037200617865024
-1.1882725730560677
-0.13237093156593419
0.6281579358600697
0.3705085260304872
-0.10873154197600485
0.5214487417548942
-0.9061452646584781
0.2604243669997727
0.3954962276994512
-0.628934623349243
0.1403861563585354
-0.646831759164858
-0.48676513052775355
0.6038549536604306
-0.47140765527268136
0.20714235208967602
-0.9433880741312588
0.27368133886678314
-0.5139868460581399
1.2269058272651545
-0.5577494181406514
0.7102151377352507
0.6263699064978739
-0.4523070061159249
-0.025307908022839287
0.766661194881399
0.5871072317160817
0.365181972617734
0.506022101279005
-0.4917231267179755
-1.0227507478469509
-0.8871812070686016
-1.0682918377284414
0.3675164872621318
0.9911830237137333
0.7135278546147981
-0.9037492227724022
-0.061978081590654883
-0.7890737038358526
-0.8580575212567593
0.6930891081804575
0.9042880455120467
-0.49497247972516106
1.4313317412010542
-0.9931383568894745
-0.5387167069080788
0.3424439341449208
0.49343146090015877
-0.30334866771495966
0.001454825134780052
-0.5928843838362768
0.706777308748131
1.3031168610335053
-0.24650673385510732
-0.3299917836675582
-0.5628724281543569
-0.44251007987003915
-0.007968134364962059
-0.40772060261832815
1.8455793807985408
-0.7323435340227805
-0.5186593880610385
-0.5625244718192105
0.5976718380695693
0.02096694024116028
-1.0022676404888002
0.0009025836125860101
-0.9594920322653239
0.819379163256516
0.3422839034354607
0.37807226735780675
0.3227600201769591
1.2125893873799642
-0.6958556935720622
1.0083085395428117
-0.7322410591559135
0.7284439602227223
-0.8909406904494768
1.045614548844023
-0.6141553363223133
-1.198512593543805
0.11124164947262692
-0.5259239141705856
0.677904937095352
0.7621477104673952
-0.04000893205076828
-0.669176173617884
0.5746442543895768
1.004415354225044
-0.30633596610870395
-0.9676891957760381
-0.5331166033612885
-0.9746160027959616
-0.3898387045647991
-0.8520007331725602
0.3936647382431839
1.1169656872788198
1.0406876370638751
-0.8327991329761201
0.4776551242917568
-0.46562206965877634
0.45979446609911845
-0.6563092358879565
0.9829985940972359
1.3090604735144689
0.1858689758521744
-0.6344524881150646
0.18158258903843386
-0.07561739906459865
0.6675268224869949
-1.102379253529608
-0.8849871973868444
-0.4939003544294088
-0.3527861260567776
-0.35956467156728616
-0.4037351832759499
0.846950560097767
0.06648846109180173
0.13038480205289693
1.0361094616457696
-0.9524382192482418
0.5236661147867964
-0.6895881510841952
0.6449598842620794
-0.7685245035411495
-0.7015181813409043
0.4099295327338224
-1.0460062825480732
0.7362264789691657
-0.29261597352837315
0.6719690400276619
0.9809824686571159
1.483144545952589
-0.9242575671824156
0.34837763455056725
-1.1035714475580032
0.10527009382637273
-0.775576340546846
0.4929829310405215
0.8254889784272058
-0.3846089487709143
0.0043524471662613525
-0.6937523325201181
0.6693808043772376
-0.8155401359153442
0.14533876758463773
0.6097458517748704
-0.49301682822590204
-0.9191540735074747
0.9287451035237766
-0.30746908541348317
0.8430083262397299
-0.9704040264582594
0.1924546883737265
0.5449441136458286
0.20315060892071257
0.8564485709760268
0.373463615789383
0.781301137841962
-1.3729872015541322
0.2099033785597607
-0.7775854658254231
-0.5402089366645888
-0.4049902169506245
0.7679381130343634
0.6165196227696512
0.7994738830447148
-1.3627310894343148
0.4309711799030345
-0.5475887152467003
0.11436122489065072
0.11015919767257136
-0.40470742648623875
-0.028694814828101916
1.023278620482388
1.027412611602817
0.4009945959439881
-1.162433121025957
-0.6875273189100968
0.1093324949610973
0.564151022887052
-0.8567974190875625
0.8348450353751345
-0.46846225614037806
-0.07492545289767041
0.13797576872445935
-0.6817679154382495
0.927796710012722
-0.3079206486870851
0.44388195736002367
-0.9256006843477957
0.15431478430832313
-0.23673577208258306
1.3941306746828368
-0.9485342881611571
-0.6348925613680616
-0.021803886204157467
1.1376199835873786
0.3012771713551585
-0.2142393631963087
-0.8427794949743177
0.10452701546638195
0.24719815329293582
-0.08023973876002236
-1.175555913023388
-1.5128046907917354
0.14601271451463035
1.1663819453555784
0.09723020046712008
-0.5930879467368882
1.042763299091847
0.7157015597841947
0.434290263775644
-0.011170060227992624
-0.46821432511600086
0.5420948417355321
-2.1063353112455645
-0.10883276609600895
-1.2728392567714621
0.7746774313943904
0.5076879182221277
1.7053101259439392
0.2089544505815024
-0.734319654493688
0.5250324109642911
-1.6291663299477106
-0.4946918324118899
0.4313009120107274
0.434714067533365
0.09165578740041201
0.8014597741102603
0.3387749576138232
0.5481873574712414
-0.5784542464065368
-0.8551879038905533
-0.5362872879307086
0.4921822545375097
0.9417308738783818
0.3917971385641659
-0.7330558337152631
0.5534782819806084
-0.23309503945681795
