1.0 0.0
0.0 1.0

0.4779595202167477 0.03414317384210703
-0.13304380124918425 0.08028715979218734

0.17381030518525842 0.034896113667213915
-0.13597773987209508 0.043147597703447005

0.05253173112711083 0.012292418509656596
-0.023483214812631867 -0.0006101041314724809

0.017896517081580788 0.004200889690975054
-0.005147338349634368 -0.0011736557725389885

0.006625079588835431 0.00156751010284207
-0.00669296537870743 -0.001541919263562996

-8.163684236372523e-05 8.754935126237839e-07
-0.00850948592627296 -0.0019658865061728164

-0.00037316613943745255 -7.793928674805481e-05
-0.000787522390238807 -0.00018423794427426297

-0.0006774549721703971 -0.00015387029794785615
-0.0011089445010552367 -0.00026071885174524183

-0.0003689506125729725 -8.447061263294002e-05
-0.00011851859583875578 -2.849670102538971e-05

-0.00022607542247847422 -5.230490714842638e-05
-6.185794455565899e-05 -1.544459494864211e-05

-0.0001248625292109168 -2.914136627697007e-05
-1.5826278190985522e-06 -9.613599709528376e-07

-5.9234236550453334e-05 -1.4120307697996079e-05
1.4408873510546119e-05 2.6673507413990343e-06

-2.472639410290602e-05 -6.135562397729569e-06
1.8795264855516136e-05 3.913103645344218e-06

-6.939202528979982e-06 -1.8677039713201488e-06
1.1532802824528574e-05 2.5188283448200747e-06

-2.173941932243155e-06 -5.921490265846955e-07
9.69293679221632e-07 2.4436387860171795e-07

-9.596775481353959e-07 -2.632517496962334e-07
5.070435121534436e-07 1.3376065874487318e-07

-4.6607043641099943e-07 -1.2795191399232883e-07
1.5548042997209583e-07 4.240836291234941e-08

-1.2683155102990828e-07 -3.482693690568015e-08
4.6313266179276434e-08 1.2697052642213281e-08

-4.035797028449471e-08 -1.1082137041109186e-08
1.2191522246125304e-08 3.3473217204124635e-09

-1.6729408219740998e-08 -4.59390153701607e-09
1.0211984651220272e-08 2.803998373601322e-09

-6.478020854722258e-09 -1.7788811032329952e-09
3.5709858813991757e-09 9.80560532435704e-10

-2.3744155345793896e-09 -6.520297550232254e-10
2.7454214153948745e-09 7.538781748605593e-10

-8.715358776673409e-10 -2.393296151090012e-10
3.022456319076587e-10 8.299796654166125e-11

-2.394395952973118e-10 -6.575218152256268e-11
5.740356061921199e-10 1.5763296251492587e-10

1.2322717252447854e-10 3.3838349969220196e-11
5.879395594118178e-10 1.614511750729725e-10

3.798880051000434e-10 1.0431894164395713e-10
7.329468822720533e-10 2.01270981552663e-10

3.3375012741598576e-10 9.164937726070445e-11
3.0594379017628187e-10 8.401377180975428e-11

1.9109900140181395e-10 5.247671663694699e-11
5.130986877208732e-11 1.4089979780608293e-11

9.729196705660845e-11 2.6716860670588808e-11
1.5558602536280423e-11 4.272497679379357e-12

3.639886996143038e-11 9.995313398419893e-12
-7.626417753751832e-12 -2.09424847459329e-12

1.5012404570886603e-11 4.122483109042965e-12
-9.019728830613578e-12 -2.4768606014969743e-12

5.181420057589231e-12 1.4228444895628434e-12
-1.6729086436882606e-12 -4.593892027525747e-13

1.4057747675397654e-12 3.860330041990399e-13
-3.240365731444291e-12 -8.898209063699246e-13

-1.3735878235816364e-12 -3.7719415110423604e-13
-4.977548921211046e-12 -1.366860257272153e-12

-4.655343248715218e-13 -1.278380771053796e-13
4.9755903988992904e-14 1.3663219657798437e-14

-1.4561979156292825e-13 -3.998793045334301e-14
4.67994783148878e-14 1.2851372810767111e-14

-4.599369853870373e-14 -1.26301021116768e-14
5.4800159422405695e-14 1.5048400336793776e-14

-1.598718340195864e-14 -4.3901614085606105e-15
1.5029885645301892e-14 4.1272824950279366e-15

-2.033197492774067e-15 -5.583263557481636e-16
1.6025299066479694e-14 4.400628062955043e-15

-4.488327109396713e-16 -1.2325175146031452e-16
1.0891436820612862e-15 2.990843622077972e-16

-6.558370191403721e-17 -1.8009625132102446e-17
3.86813705156679e-16 1.0622100180651062e-16

2.1901896035878828e-16 6.014371129401044e-17
5.972535420618283e-16 1.640088475753641e-16

4.3581196788711635e-16 1.1967617162530748e-16
7.6518776886706915e-16 2.101244373603462e-16

3.828921902351643e-16 1.0514413385378806e-16
3.576657208402407e-16 9.82168189939287e-17

8.424495268821598e-17 2.3134090505841515e-17
-2.1763881746801128e-17 -5.976472102981812e-18

2.7078841295403037e-17 7.435986908921488e-18
-8.735788676610315e-18 -2.398891796003685e-18

6.065558184985513e-18 1.665632985061123e-18
-1.6997208947630545e-18 -4.667519626998576e-19

2.007523900697973e-18 5.512762264119913e-19
-6.674955920036468e-19 -1.8329766882397358e-19

8.68518339135082e-19 2.3849953288303963e-19
-4.1976865611993185e-19 -1.1527059808919776e-19

